"TOA5","ESOLMET-IP","CR1000","23644","CR1000.Std.32.05","CPU:2021-12-16-ESOLMET-CR1000.CR1","4034","Tabla_un_min"
"TIMESTAMP","RECORD","I_glo_Avg","I_dir_Avg","I_dif_Avg","AirTC_Avg","AirTC_Max","AirTC_Min","AirTC_Std","RH_Avg","RH_Max","RH_Min","RH_Std","WS_ms_Avg","WS_ms_Max","WS_ms_Min","WS_ms_Std","WindDir","CS106_PB_Avg","Rain_mm_Tot"
"TS","RN","W/m2","W/m2","W/m2","째C","째C","째C","째C","%","%","%","%","m/s","m/s","m/s","m/s","grados","mbar","mm"
"","","Avg","Avg","Avg","Avg","Max","Min","Std","Avg","Max","Min","Std","Avg","Max","Min","Std","Smp","Avg","Tot"
"1934-11-04 20:17:00",0,987,767.9,161.6,29.74,29.84,29.67,0.045,32.8,32.94,32.64,0.087,2.492,3.2,0,0.848,249.1,38.46154,0
"1934-11-04 20:18:00",1,993,773.6,161.6,29.49,29.7,29.26,0.136,33.21,33.66,32.77,0.232,1.588,2.45,0.95,0.429,256,506.2683,0
"2022-04-22 14:53:00",2,990,773.7,161.6,29.38,29.5,29.33,0.047,33.62,33.79,33.49,0.087,0.037,0.95,0,0.183,114.3,876.1049,0
"2022-04-22 14:54:00",3,984,769.4,161.6,29.65,29.84,29.43,0.118,33.11,33.59,32.43,0.382,0.842,2.45,0,0.774,137.3,876.2567,0
"2022-04-22 14:55:00",4,984,767.7,162.2,29.84,29.94,29.7,0.051,32.46,32.6,32.33,0.06,0.282,1.7,0,0.458,120,875.9326,0
"2022-04-22 14:56:00",5,981,767.8,162.8,30.05,30.21,29.9,0.085,32.53,32.77,32.3,0.128,0.243,1.7,0,0.485,346.2,875.9305,0
"2022-04-22 14:57:00",6,981,768.7,163,30.25,30.35,30.14,0.053,32.19,32.7,31.92,0.216,0.819,2.45,0,0.909,315.1,875.9288,0
"2022-04-22 14:58:00",7,981,768.4,163.6,30.26,30.41,30.14,0.059,32.48,32.87,32.16,0.201,2.093,3.95,0,0.886,189.5,875.9275,0
"2022-04-22 14:59:00",8,981,767.7,164.2,30.41,30.52,30.28,0.067,32.25,32.87,31.58,0.384,3.29,4.7,0,1.128,249.5,875.8444,0
"2022-04-22 15:00:00",9,983,767.3,164.8,30.05,30.24,29.9,0.095,32.77,34.07,31.92,0.489,3.013,3.95,1.7,0.524,220.5,875.763,0
"2022-04-22 15:01:00",10,987,769.3,165.5,29.72,29.97,29.5,0.134,32.9,33.39,32.43,0.315,3.175,4.7,2.45,0.58,238.5,875.7623,0
"2022-04-22 15:02:00",11,986,767.4,165.9,29.44,29.53,29.29,0.056,33.35,33.69,33.15,0.162,3.075,4.7,1.7,0.868,244.7,875.7678,0
"2022-04-22 15:03:00",12,984,765.8,166.5,29.27,29.39,29.02,0.079,33.41,33.83,33.11,0.2,3.75,6.2,1.7,0.897,217.7,875.7618,0
"2022-04-22 15:04:00",13,979,759,167.3,28.99,29.12,28.88,0.059,33.93,34.65,33.52,0.23,3.05,3.95,2.45,0.49,244.7,875.5221,0
"2022-04-22 14:05:00",14,968,752.9,168,28.89,28.98,28.78,0.044,34.46,34.92,33.96,0.285,1.73,2.45,0.95,0.334,248.3,875.6075,0
"2022-04-22 14:06:00",15,963,750.1,168,29.05,29.19,28.88,0.08,34.21,35.29,33.32,0.47,1.329,2.45,0,0.696,240.5,875.7607,0
"2022-04-22 14:07:00",16,960,750.8,167.7,29.17,29.26,29.09,0.045,33.58,34.07,33.28,0.187,1.231,1.7,0,0.431,200.1,875.5989,0
"2022-04-22 14:08:00",17,958,751.6,167.3,29.35,29.53,29.15,0.097,33.86,34.13,33.39,0.134,2.022,3.95,0,0.738,258.2,875.5983,0
"2022-04-22 14:09:00",18,960,755.6,167.3,29.57,29.67,29.5,0.042,32.88,33.39,32.67,0.15,1.613,2.45,0.95,0.532,290.2,875.6055,0
"2022-04-22 14:10:00",19,959,754.6,167.9,29.6,29.7,29.5,0.042,33.09,33.56,32.7,0.226,1.775,3.2,0.95,0.56,336,875.6904,0
"2022-04-22 14:11:00",20,955,750.9,168.6,29.47,29.63,29.29,0.083,33.01,33.32,32.74,0.146,1.272,2.45,0,0.428,13.47,875.689,0
"2022-04-22 14:12:00",21,950,746.1,169.8,29.31,29.43,29.22,0.041,33.41,33.73,33.15,0.143,1.048,1.7,0,0.529,29.73,875.6059,0
"2022-04-22 14:13:00",22,943,740.3,170.2,29.37,29.46,29.29,0.036,33.23,33.52,33.04,0.113,0.983,1.7,0,0.398,21.55,875.6038,0
"2022-04-22 14:14:00",23,944,742.6,171,29.47,29.63,29.36,0.072,33.09,33.25,32.94,0.065,0.016,0.95,0,0.122,325,875.6022,0
"2022-04-22 14:15:00",24,943,744.8,170.2,29.76,29.94,29.56,0.098,33.06,33.96,32.47,0.359,1.381,3.2,0,1.004,158,875.5994,0
"2022-04-22 14:16:00",25,944,747.6,169.4,30.06,30.28,29.84,0.101,32.49,33.11,31.78,0.398,2.638,4.7,0.95,1.03,160.6,875.5215,0
"2022-04-22 14:17:00",26,945,749.1,168.8,30.22,30.31,30.14,0.039,32.05,32.43,31.75,0.161,2.788,4.7,0.95,0.849,239.5,875.3607,0
"2022-04-22 14:18:00",27,940,745.1,168.7,30.14,30.31,30.01,0.08,32.35,33.11,31.72,0.452,1.822,3.2,0,0.709,211.6,875.36,0
"2022-04-22 14:19:00",28,940,746.9,168.7,30.22,30.38,30.07,0.079,32.58,33.35,31.92,0.523,2.09,3.2,0,0.805,187.4,875.4387,0
"2022-04-22 14:20:00",29,936,744,169.3,30.33,30.48,30.21,0.077,32.28,32.77,31.27,0.446,1.684,2.45,0,0.513,151.3,875.4426,0
"2022-04-22 14:21:00",30,929,738.5,169.5,30.51,30.65,30.35,0.061,31.37,31.51,31.24,0.079,1.008,2.45,0,0.924,225.8,875.7577,0
"2022-04-22 14:22:00",31,922,732.4,169.9,30.5,30.58,30.41,0.04,31.55,31.92,31.24,0.204,0.218,1.7,0,0.425,208.8,875.4353,0
"2022-04-22 14:23:00",32,920,732.6,170,30.58,30.69,30.41,0.064,31.64,31.95,31.14,0.224,1.237,3.2,0,1.019,176,875.4353,0
"2022-04-22 14:24:00",33,920,733,170.2,30.81,30.99,30.65,0.08,31.2,31.65,30.66,0.289,1.036,3.95,0,1.121,165.2,875.4373,0
"2022-04-22 14:25:00",34,924,727.6,170.2,31.02,31.1,30.89,0.049,30.58,30.9,30.22,0.168,0.38,0.95,0,0.465,117.6,875.5934,0
"2022-04-22 14:26:00",35,923,726.9,169.9,30.89,31.06,30.72,0.09,30.69,31.2,30.52,0.138,0,0,0,0,74.52,875.3504,0
"2022-04-22 14:27:00",36,922,726.3,170.2,30.68,30.79,30.58,0.042,31.34,31.65,31,0.199,0.547,1.7,0,0.608,51.5,875.2698,0
"2022-04-22 14:28:00",37,919,724.3,170.9,30.84,31.06,30.65,0.107,31.27,31.65,30.76,0.277,0.095,0.95,0,0.285,85.6,875.2822,0
"2022-04-22 14:29:00",38,917,722.3,172,31.09,31.2,30.96,0.048,30.72,30.93,30.49,0.104,0.814,2.45,0,0.7,91,875.2822,0
"2022-04-22 14:30:00",39,907,710.1,173.1,31.11,31.2,31,0.045,30.96,31.24,30.76,0.142,1.203,2.45,0,0.784,38.46,875.2794,0
"2022-04-22 14:31:00",40,908,714,175,31.14,31.27,31.06,0.042,31.18,31.61,30.86,0.193,1.874,3.95,0,0.889,129.1,875.2773,0
"2022-04-22 14:32:00",41,910,731.4,176.3,31.27,31.37,31.13,0.05,30.79,31.07,30.46,0.176,1.797,3.2,0,0.613,66.1,875.2803,0
"2022-04-22 14:33:00",42,888,762.9,176.7,31.3,31.4,31.23,0.04,30.85,31.14,30.49,0.15,2.2,3.2,0.95,0.622,50.58,875.1987,0
"2022-04-22 14:34:00",43,910,770.8,177.3,31.25,31.34,31.16,0.037,31.08,31.68,30.63,0.266,2.425,3.95,0.95,0.908,64.43,875.2755,0
"2022-04-22 14:35:00",44,892,773.9,177.8,31.29,31.37,31.2,0.035,30.7,31.27,30.29,0.311,1.575,3.2,0.95,0.497,85.8,875.1951,0
"2022-04-22 14:36:00",45,911,775.9,178.5,31.25,31.37,31.13,0.053,30.55,30.73,30.32,0.091,0.651,1.7,0,0.621,103.3,875.1921,0
"2022-04-22 14:37:00",46,909,773.2,179,31.33,31.4,31.23,0.038,30.26,30.46,30.11,0.077,0.484,1.7,0,0.518,108.9,875.1103,0
"2022-04-22 14:38:00",47,911,779.1,178.7,31.27,31.37,31.16,0.046,30.43,30.8,30.25,0.118,0.079,0.95,0,0.263,122.3,875.1092,0
"2022-04-22 14:39:00",48,912,785.5,177.5,31.16,31.27,31.03,0.06,30.89,31.2,30.66,0.132,0.622,1.7,0,0.693,19.83,875.1082,0
"2022-04-22 14:40:00",49,908,784.8,176.1,31.11,31.2,30.99,0.045,31.24,31.48,31.03,0.106,2.05,3.2,0.95,0.718,101,875.1061,0
"2022-04-22 14:41:00",50,899,777.1,174.5,31.25,31.4,31.1,0.078,31.32,31.61,31.1,0.157,1.646,3.2,0,0.846,343.6,875.0272,0
"2022-04-22 14:42:00",51,894,776.1,173.4,31.44,31.61,31.33,0.05,30.92,31.41,30.52,0.292,1.314,2.45,0,0.65,45.69,875.1042,0
"2022-04-22 14:43:00",52,890,776.9,172.4,31.45,31.54,31.33,0.044,30.94,31.17,30.63,0.149,0.663,1.7,0,0.635,41.36,874.9443,0
"2022-04-22 14:44:00",53,882,774.3,170.4,31.57,31.67,31.44,0.048,30.69,31.31,30.15,0.289,0.868,2.45,0,0.731,96.8,875.0244,0
"2022-04-22 14:45:00",54,883,777.6,168.3,31.31,31.57,31.1,0.107,30.61,31,30.18,0.213,0.711,1.7,0,0.618,67.53,875.0255,0
"2022-04-22 14:46:00",55,878,777.6,166.7,31.24,31.47,31.13,0.08,30.97,31.14,30.83,0.085,0.572,1.7,0,0.638,164.5,875.1029,0
"2022-04-22 14:47:00",56,871,774.3,165.5,31.51,31.67,31.33,0.093,30.9,31.1,30.69,0.117,0.155,1.7,0,0.38,79.16,874.9449,0
"2022-04-22 14:48:00",57,869,774.8,164.8,31.76,31.95,31.61,0.081,30.41,30.9,30.05,0.2,0.294,1.7,0,0.485,14.8,875.1014,0
"2022-04-22 14:49:00",58,868,777.9,164.9,31.96,32.08,31.84,0.048,29.98,30.22,29.81,0.094,0.016,0.95,0,0.122,252.2,874.8614,0
"2022-04-22 14:50:00",59,864,774.6,165.3,32.19,32.42,31.98,0.114,30.19,30.35,30.05,0.072,0,0,0,0,317,874.9443,0
"2022-04-22 14:51:00",60,855,766.5,165.4,32.64,32.93,32.39,0.156,29.81,30.22,29.13,0.322,0,0,0,0,321.4,875.1024,0
"2022-04-22 14:52:00",61,852,763.8,165.2,33.02,33.14,32.87,0.061,28.72,29.19,28.34,0.292,0.278,1.7,0,0.479,145.5,874.9415,0
"2022-04-22 14:53:00",62,854,766.9,165.3,33.05,33.14,32.93,0.043,29.11,29.4,28.72,0.145,0.713,2.45,0,0.805,138.3,874.9415,0
"2022-04-22 14:54:00",63,842,756.5,164.7,33.07,33.14,33,0.033,29.21,29.4,28.96,0.102,0.402,1.7,0,0.533,67.19,874.9415,0
"2022-04-22 14:55:00",64,831,746.8,163.8,32.95,33.14,32.8,0.081,28.7,29.16,28.17,0.283,0,0,0,0,101.2,874.9401,0
"2022-04-22 14:56:00",65,828,746.2,163.1,32.95,33.07,32.83,0.057,28.23,28.51,28.04,0.14,0,0,0,0,232.1,874.8582,0
"2022-04-22 14:57:00",66,830,749.9,163,32.9,32.97,32.8,0.041,28.55,28.79,28.44,0.075,0.426,1.7,0,0.66,139.6,874.7792,0
"2022-04-22 14:58:00",67,828,748.8,163,32.97,33.07,32.8,0.047,28.49,28.62,28.34,0.071,0.139,1.7,0,0.366,181.5,874.8582,0
"2022-04-22 14:59:00",68,828,749.8,162.9,32.88,33.04,32.76,0.069,28.75,29.09,28.44,0.172,0.454,2.45,0,0.705,172.6,874.7764,0
"2022-04-22 15:00:00",69,822,744.3,162.5,32.77,32.87,32.66,0.042,28.91,29.3,28.55,0.196,0.313,1.7,0,0.47,218.6,874.6961,0
"2022-04-22 15:01:00",70,820,745,162.3,32.75,32.83,32.66,0.044,29.47,29.77,28.82,0.199,0.127,0.95,0,0.323,267.8,874.6974,0
"2022-04-22 15:02:00",71,817,742.7,161.7,32.74,32.87,32.66,0.046,29.31,29.64,29.02,0.18,1.725,2.45,0.95,0.453,249.8,874.7751,0
"2022-04-22 15:03:00",72,809,733.3,160.9,32.59,32.73,32.42,0.071,29.46,29.94,28.82,0.26,1.477,2.45,0,0.621,267,874.6143,0
"2022-04-22 15:04:00",73,808,732.7,160.7,32.24,32.49,31.95,0.16,29.67,29.94,29.23,0.235,1.613,2.45,0.95,0.413,268,874.6143,0
"2022-04-22 15:05:00",74,807,733.8,160,31.75,31.98,31.5,0.121,30.49,31.07,29.94,0.333,1.196,1.7,0,0.508,283.5,874.6143,0
"2022-04-22 15:06:00",75,803,733.4,160.1,31.52,31.64,31.4,0.049,30.89,31.17,30.59,0.124,0.578,1.7,0,0.603,241.7,874.6143,0
"2022-04-22 15:07:00",76,803,735.1,160.8,31.52,31.61,31.44,0.039,30.28,31.14,29.67,0.434,1.656,3.2,0,0.705,134.9,874.6143,0
"2022-04-22 15:08:00",77,794.4,726.7,161.3,31.46,31.57,31.37,0.045,30.04,30.35,29.74,0.15,0.297,1.7,0,0.464,250.4,874.6143,0
"2022-04-22 15:09:00",78,792,728.3,161.1,31.58,31.74,31.47,0.064,29.94,30.18,29.74,0.102,0.54,2.45,0,0.657,236.9,874.6143,0
"2022-04-22 15:10:00",79,786,721.4,160.8,31.5,31.71,31.27,0.132,29.96,30.52,29.36,0.368,2.475,3.95,0.95,0.81,215.5,874.6143,0
"2022-04-22 15:11:00",80,779.4,715.2,160.8,31.3,31.4,31.2,0.042,30.34,30.66,30.08,0.142,0.595,3.2,0,0.888,193.4,874.6116,0
"2022-04-22 15:12:00",81,771.3,709.2,160.8,31.35,31.44,31.23,0.041,30.09,30.32,29.88,0.107,1.183,1.7,0,0.505,285.9,874.4508,0
"2022-04-22 15:13:00",82,766.9,706.1,161.2,31.31,31.47,31.2,0.059,30.56,30.76,30.05,0.162,1.163,2.45,0,0.817,267.8,874.4509,0
"2022-04-22 15:14:00",83,769.4,711.2,161.6,31.48,31.57,31.37,0.052,30.23,30.73,29.47,0.382,2.422,3.95,0,0.916,165.4,874.4571,0
"2022-04-22 15:15:00",84,767.7,708.7,161.6,31.46,31.61,31.23,0.09,29.8,30.52,29.37,0.348,2.813,3.95,1.7,0.635,114.2,874.4544,0
"2022-04-22 15:16:00",85,761,701.9,161.6,31.33,31.44,31.23,0.044,30.35,30.73,29.94,0.212,3.413,5.45,0.95,0.93,172.1,874.3743,0
"2022-04-22 15:17:00",86,755,695,161.6,31.34,31.47,31.2,0.062,29.97,30.42,29.6,0.176,2.875,4.7,1.7,0.912,147.1,874.4521,0
"2022-04-22 15:18:00",87,745.5,685.2,161.6,31.29,31.37,31.2,0.039,30.15,30.46,29.81,0.209,2.6,3.95,0.95,0.696,216.6,874.2903,0
"2022-04-22 15:19:00",88,741.9,686.3,161.5,31.28,31.37,31.16,0.04,30.18,30.59,29.81,0.182,1.578,3.95,0,1.209,249,874.2898,0
"2022-04-22 15:20:00",89,742.9,688.1,161.1,31.07,31.27,30.86,0.103,30.39,31.65,29.98,0.349,3.325,3.95,2.45,0.497,284.8,874.2892,0
"2022-04-22 15:21:00",90,738.5,685.9,160.8,30.95,31.16,30.79,0.086,31.12,31.41,30.49,0.232,1.808,3.2,0,0.801,311,874.2889,0
"2022-04-22 15:22:00",91,731.9,685.3,160.1,31.31,31.54,31.1,0.114,30.17,30.63,29.77,0.202,0.53,2.45,0,0.731,282,874.2885,0
"2022-04-22 15:23:00",92,729.3,686.9,159.6,31.65,31.81,31.5,0.085,29.71,29.94,29.54,0.088,1.234,3.2,0,0.909,262.4,874.2885,0
"2022-04-22 15:24:00",93,724.2,682.1,158.9,31.71,31.81,31.57,0.067,29.65,30.15,29.36,0.212,3.213,4.7,1.7,0.589,206.7,874.2869,0
"2022-04-22 15:25:00",94,721.2,677.1,158.7,31.38,31.54,31.27,0.066,30.3,30.83,29.54,0.336,2.663,3.95,0.95,0.726,248.3,874.2076,0
"2022-04-22 15:26:00",95,723,681.6,158.6,31.33,31.44,31.23,0.047,30.59,31,29.91,0.319,2.013,3.95,0.95,0.535,244.5,874.2864,0
"2022-04-22 15:27:00",96,720.8,682.6,158.7,31.27,31.4,31.06,0.087,30.06,30.76,29.67,0.304,1.488,1.7,0.95,0.338,222.8,874.206,0
"2022-04-22 15:28:00",97,718.4,683.8,158.2,31,31.16,30.86,0.067,30.63,30.97,30.35,0.173,1.525,3.2,0.95,0.603,282.4,874.2044,0
"2022-04-22 15:29:00",98,715.6,682.8,158,30.95,31.03,30.86,0.036,30.98,31.24,30.69,0.163,2.463,3.95,1.7,0.539,191.4,874.124,0
"2022-04-22 15:30:00",99,716.2,685.6,158.1,31.02,31.13,30.92,0.049,30.62,31.31,30.01,0.416,2.313,3.95,0.95,0.718,184.9,874.124,0
"2022-04-22 15:31:00",100,716.2,688.2,158.6,30.85,30.99,30.72,0.065,30.51,30.66,30.28,0.095,0.618,1.7,0,0.709,153.7,874.124,0
"2022-04-22 15:32:00",101,712.6,688.2,158.7,30.92,31.06,30.82,0.069,30.51,30.66,30.39,0.053,0,0,0,0,84,874.1239,0
"2022-04-22 15:33:00",102,707.3,687.2,157.8,31.14,31.3,30.99,0.071,30.06,30.39,29.81,0.113,0,0,0,0,51.13,874.1225,0
"2022-04-22 15:34:00",103,701.6,684.7,156.9,31.27,31.37,31.2,0.037,29.89,30.08,29.71,0.09,0,0,0,0,0.605,874.0433,0
"2022-04-22 15:35:00",104,695.3,681,156.4,31.43,31.67,31.2,0.12,30.07,30.22,29.94,0.065,0.501,2.45,0,0.788,332.8,874.121,0
"2022-04-22 15:36:00",105,691.5,679.9,155.8,31.85,32.08,31.61,0.146,29.72,30.11,29.23,0.246,0.988,1.7,0,0.569,269.1,873.9602,0
"2022-04-22 15:37:00",106,689.2,680.2,155.8,32.32,32.63,32.05,0.152,29.06,29.43,28.58,0.226,1.01,2.45,0,0.619,291.1,873.9602,0
"2022-04-22 15:38:00",107,690.6,684,156.3,32.69,32.83,32.53,0.07,28.52,28.79,28.24,0.134,1.75,2.45,0.95,0.51,316.6,873.9602,0
"2022-04-22 15:39:00",108,690.5,686.3,156.5,32.89,33.11,32.7,0.11,28.45,28.65,28.27,0.106,1.788,2.45,0.95,0.456,262.4,873.9602,0
"2022-04-22 15:40:00",109,690.1,688,156.7,33.24,33.34,33.07,0.064,27.89,28.34,27.46,0.229,1.135,2.45,0,0.709,294.5,873.9602,0
"2022-04-22 15:41:00",110,685.3,682.8,157.3,33.39,33.55,33.21,0.085,27.93,28.14,27.56,0.147,0.187,1.7,0,0.405,16.5,873.9602,0
"2022-04-22 15:42:00",111,678.4,674.3,157.3,33.29,33.55,32.8,0.221,27.79,28.44,27.42,0.208,1.933,3.2,0,1.076,28.69,873.9602,0
"2022-04-22 15:43:00",112,673.5,665.7,157.8,32.44,32.8,32.05,0.235,28.84,29.43,28.44,0.249,1.947,3.95,0,0.766,9.99,873.9602,0
"2022-04-22 15:44:00",113,669,661.8,158,31.81,32.12,31.57,0.145,29.51,29.84,29.06,0.202,1.313,1.7,0.95,0.375,3.725,873.9575,0
"2022-04-22 15:45:00",114,665.9,660.3,158,31.51,31.61,31.37,0.053,30.15,30.73,29.67,0.35,0.253,0.95,0,0.42,1.113,873.7996,0
"2022-04-22 15:46:00",115,655.7,649,157.7,31.54,31.68,31.44,0.07,29.97,30.18,29.81,0.077,0.285,0.95,0,0.435,89.4,873.9557,0
"2022-04-22 15:47:00",116,649.9,642,157.3,31.67,31.78,31.57,0.045,29.48,29.81,29.33,0.098,0.448,1.7,0,0.628,92,873.3138,0
"2022-04-22 15:48:00",117,641.8,634.4,157.3,31.93,32.19,31.74,0.114,29.49,29.64,29.3,0.079,0,0,0,0,331.6,873.4026,0
"2022-04-22 15:49:00",118,632.3,627,157.6,32.28,32.46,32.02,0.09,29.09,29.43,28.89,0.132,0.032,0.95,0,0.171,270.7,873.9706,0
"2022-04-22 15:50:00",119,639.5,640.1,158.3,32.53,32.66,32.39,0.071,28.96,29.13,28.65,0.123,1.277,2.45,0,0.525,286.1,873.9548,0
"2022-04-22 15:51:00",120,634,633.5,156.9,32.69,32.87,32.56,0.081,28.84,29.09,28.41,0.174,0.727,1.7,0,0.612,318.6,873.1628,0
"2022-04-22 15:52:00",121,540.8,508.2,155.7,32.9,33.07,32.77,0.081,28.54,28.85,28.34,0.128,0.734,3.2,0,0.881,237.8,873.9627,0
"2022-04-22 15:53:00",122,609.3,605.9,155.8,32.9,33.14,32.59,0.156,28.23,28.68,27.56,0.36,2.7,3.95,1.7,0.447,274.9,873.8047,0
"2022-04-22 15:54:00",123,615.7,617.4,155.8,32.67,32.8,32.56,0.066,28.79,29.09,28.62,0.112,1.61,3.95,0,1.124,219.3,873.9617,0
"2022-04-22 15:55:00",124,616.9,615.5,155.2,32.38,32.8,31.88,0.259,28.71,29.43,28.07,0.429,3.763,4.7,2.45,0.467,207.9,873.8,0
"2022-04-22 15:56:00",125,577.3,549.5,152.2,31.57,31.91,31.33,0.166,29.8,30.15,29.33,0.225,3.45,4.7,2.45,0.447,199.7,873.7994,0
"2022-04-22 15:57:00",126,586.5,578.8,152.1,31.15,31.4,30.93,0.107,30.3,30.86,29.98,0.194,3.275,4.7,1.7,0.652,229.8,873.7988,0
"2022-04-22 15:58:00",127,597.3,594.4,150.6,30.89,31.06,30.69,0.084,30.65,30.93,30.35,0.161,3.213,4.7,1.7,0.768,232.2,873.7984,0
"2022-04-22 15:59:00",128,600.1,602.1,150.2,30.66,30.86,30.55,0.066,30.77,30.93,30.63,0.072,1.975,3.2,0.95,0.453,227.6,873.7984,0
"2022-04-22 16:00:00",129,598.5,606,150.8,30.58,30.69,30.45,0.056,30.91,31.03,30.76,0.053,0.152,1.7,0,0.404,163.2,873.798,0
"2022-04-22 16:01:00",130,594.9,610.1,149.9,30.78,31.03,30.58,0.085,30.72,30.93,30.45,0.12,0.247,1.7,0,0.465,271.2,873.7965,0
"2022-04-22 16:02:00",131,588.5,610.9,149.4,31.05,31.23,30.89,0.094,30.53,30.83,30.32,0.105,0.569,1.7,0,0.568,268.6,873.7158,0
"2022-04-22 16:03:00",132,572.1,592.7,147.8,31.38,31.54,31.23,0.083,29.96,30.59,29.36,0.425,2.463,3.95,0.95,0.756,290,873.7142,0
"2022-04-22 16:04:00",133,578.8,603.8,146.9,31.16,31.34,31.03,0.08,30.08,30.49,29.74,0.167,2.913,3.95,1.7,0.582,283.9,873.64,0
"2022-04-22 16:05:00",134,581.7,611.7,146.3,31.09,31.16,30.96,0.055,30.14,30.49,29.84,0.21,2.538,3.95,0.95,0.726,286.6,873.64,0
"2022-04-22 16:06:00",135,586.2,621.3,145.8,30.88,31.03,30.72,0.069,30.29,30.46,30.11,0.081,1.139,2.45,0,0.576,293.4,873.6386,0
"2022-04-22 16:07:00",136,582.9,623.7,145.3,30.83,30.96,30.72,0.047,30.4,30.52,30.32,0.056,0.048,0.95,0,0.207,51.33,873.6376,0
"2022-04-22 16:08:00",137,578.7,624.2,144.3,30.95,31.06,30.82,0.061,30.44,30.56,30.29,0.063,0.701,1.7,0,0.671,212.3,873.6429,0
"2022-04-22 16:09:00",138,569.8,616.8,143.6,31.21,31.4,30.99,0.105,30.19,30.52,29.91,0.155,0,0,0,0,321.4,873.6409,0
"2022-04-22 16:10:00",139,563.2,612.4,143.1,31.59,31.81,31.37,0.134,29.81,30.15,28.92,0.328,0.526,2.45,0,0.802,316.8,873.6394,0
"2022-04-22 16:11:00",140,556.8,603.5,142.9,31.77,31.88,31.71,0.039,29.59,29.94,28.92,0.321,0.961,2.45,0,0.827,207.1,873.6393,0
"2022-04-22 16:12:00",141,545,589.2,142.4,31.94,32.12,31.78,0.068,29.65,29.81,29.4,0.099,1.226,2.45,0,0.722,216.8,873.6381,0
"2022-04-22 16:13:00",142,531.8,573.4,141.6,32.25,32.53,32.02,0.127,29.35,29.71,28.79,0.27,1.422,2.45,0,0.52,235.2,873.6371,0
"2022-04-22 16:14:00",143,531.7,575,141.5,32.37,32.49,32.19,0.066,28.83,29.16,28.38,0.206,1.988,3.2,0.95,0.658,166.9,873.6364,0
"2022-04-22 16:15:00",144,533.5,582,141.5,32.22,32.36,32.08,0.071,28.76,29.13,28.31,0.237,1.438,2.45,0.95,0.429,154.7,873.6357,0
"2022-04-22 16:16:00",145,530.4,579.5,141.4,32.02,32.22,31.88,0.079,29.34,29.71,29.02,0.228,1.784,3.2,0,0.746,222.2,873.6338,0
"2022-04-22 16:17:00",146,534.1,587.1,141.9,31.82,31.91,31.67,0.055,29.6,30.05,29.16,0.298,2.663,3.95,0.95,0.582,225.4,873.5535,0
"2022-04-22 16:18:00",147,536.7,590.1,142.7,31.46,31.74,31.2,0.136,29.71,30.05,29.23,0.197,3.05,3.95,1.7,0.578,222.9,873.5516,0
"2022-04-22 16:19:00",148,530.8,584.6,142.4,31.11,31.3,30.96,0.078,30.03,30.18,29.81,0.098,1.27,2.45,0,0.631,210.9,873.4709,0
"2022-04-22 16:20:00",149,521.3,577.3,141.3,31.03,31.1,30.96,0.035,30.15,30.25,30.05,0.05,0.612,2.45,0,0.752,208.4,873.4706,0
"2022-04-22 16:21:00",150,521.2,584.2,140.4,31.08,31.2,30.96,0.052,30.17,30.32,30.05,0.059,0.048,0.95,0,0.207,245.9,873.4705,0
"2022-04-22 16:22:00",151,522,591.1,139.5,31.31,31.47,31.13,0.066,29.93,30.08,29.74,0.079,1.371,3.2,0,1.105,234.9,873.4689,0
"2022-04-22 16:23:00",152,521.5,593.8,139.1,31.47,31.61,31.37,0.055,29.56,30.11,29.19,0.301,1.029,3.2,0,1.013,204,873.3899,0
"2022-04-22 16:24:00",153,516.3,590.9,138.3,31.46,31.54,31.37,0.04,29.38,29.54,29.19,0.082,0.155,1.7,0,0.38,4.789,873.4702,0
"2022-04-22 16:25:00",154,510.7,588.9,137.3,31.65,31.81,31.5,0.089,29.35,29.47,29.23,0.06,0.315,2.45,0,0.657,225.6,873.47,0
"2022-04-22 16:26:00",155,508.2,589,137.2,31.88,32.05,31.71,0.076,29.51,29.64,29.36,0.073,0.933,2.45,0,0.763,177.1,873.4672,0
"2022-04-22 16:27:00",156,504.2,586.3,136.8,32.13,32.32,31.98,0.077,28.87,29.36,28.27,0.279,1.903,3.95,0,0.822,199.7,873.3064,0
"2022-04-22 16:28:00",157,502,583.4,136.4,32.04,32.22,31.81,0.098,28.92,29.5,28.34,0.306,3.063,3.95,1.7,0.62,227.4,873.3063,0
"2022-04-22 16:29:00",158,492.5,569.6,136.2,31.76,31.88,31.64,0.056,29.68,30.28,28.99,0.288,3.05,4.7,1.7,0.682,208.3,873.3063,0
"2022-04-22 16:30:00",159,490.8,569,135.7,31.53,31.81,31.33,0.127,29.52,30.15,28.99,0.394,3.125,3.95,2.45,0.468,203.1,873.309,0
"2022-04-22 16:31:00",160,481.1,558.7,135.1,31.28,31.47,31.16,0.082,29.65,29.94,29.37,0.164,1.425,2.45,0.95,0.474,176.7,873.476,0
"2022-04-22 16:32:00",161,469.3,547.5,133.7,31.24,31.37,31.13,0.053,29.77,30.01,29.57,0.101,0.523,0.95,0,0.473,163.1,873.4749,0
"2022-04-22 16:33:00",162,461.6,542.5,132.3,31.48,31.64,31.3,0.081,29.6,29.74,29.47,0.078,0.167,1.7,0,0.417,175.4,873.48,0
"2022-04-22 16:34:00",163,457.3,542.3,130.8,31.73,31.95,31.57,0.087,29.34,29.67,29.09,0.133,1.338,3.2,0,0.836,152.7,873.4766,0
"2022-04-22 16:35:00",164,451.3,536.1,129.5,31.93,32.05,31.81,0.051,29.21,29.6,28.85,0.202,1.4,3.2,0,0.956,83.6,873.3989,0
"2022-04-22 16:36:00",165,447.5,535.7,128.4,32.09,32.22,31.95,0.075,29.14,29.64,28.27,0.503,1.043,3.2,0,1.32,160,873.554,0
"2022-04-22 16:37:00",166,445.6,533.4,127.2,32.09,32.19,31.95,0.046,28.64,28.92,28.38,0.154,2.1,3.2,0.95,0.521,124.6,873.3113,0
"2022-04-22 16:38:00",167,438,524.9,124.9,32.05,32.15,31.95,0.042,28.82,29.02,28.68,0.088,1.576,3.2,0,0.987,116.6,873.3104,0
"2022-04-22 16:39:00",168,309.3,292,121.4,32.11,32.22,31.98,0.051,28.72,29.02,28.38,0.172,1.876,3.2,0,0.979,187.7,873.3095,0
"2022-04-22 16:40:00",169,372.7,424.7,121,32.04,32.19,31.95,0.055,28.65,28.85,28.51,0.068,1.471,3.2,0,0.719,148.8,873.3088,0
"2022-04-22 16:41:00",170,410.5,495,121.4,31.95,32.05,31.88,0.035,28.83,28.96,28.62,0.089,0.222,0.95,0,0.402,165.8,873.3088,0
"2022-04-22 16:42:00",171,393.7,472.1,120.3,32.07,32.22,31.91,0.074,28.9,29.02,28.79,0.066,0,0,0,0,227.3,873.3083,0
"2022-04-22 16:43:00",172,409.1,507.7,119.4,32.18,32.25,32.05,0.055,28.57,28.92,28.38,0.153,1.236,2.45,0,0.692,192.8,873.3078,0
"2022-04-22 16:44:00",173,413.9,520,119.4,31.99,32.12,31.88,0.053,29.02,29.3,28.45,0.195,1.963,2.45,0.95,0.429,76.41,873.3076,0
"2022-04-22 16:45:00",174,414.4,525,118.8,31.98,32.08,31.88,0.042,28.74,29.19,28.48,0.24,2.313,3.2,0.95,0.635,150.1,873.3135,0
"2022-04-22 16:46:00",175,408.6,516.3,118.3,31.94,32.02,31.85,0.041,28.8,29.13,28.48,0.191,2.084,3.2,0,0.701,210.8,873.3121,0
"2022-04-22 16:47:00",176,409.3,523,117.8,31.91,32.05,31.78,0.059,29.07,29.33,28.65,0.216,2.275,3.2,1.7,0.396,250.6,873.3121,0
"2022-04-22 16:48:00",177,410.3,531.5,117.8,31.93,32.09,31.81,0.064,29.28,29.47,29.06,0.121,0.87,3.2,0,0.865,217.5,873.3111,0
"2022-04-22 16:49:00",178,408.5,532.9,118.4,32.03,32.12,31.98,0.034,28.92,29.3,28.55,0.197,2.213,3.95,0.95,0.635,119.1,873.3225,0
"2022-04-22 16:50:00",179,405.1,530.5,117.5,31.86,32.12,31.61,0.127,28.64,29.03,28.34,0.179,2.15,3.2,0.95,0.584,197.1,873.3193,0
"2022-04-22 16:51:00",180,403.7,533.9,116,31.55,31.74,31.4,0.065,29.22,29.47,28.92,0.133,1.963,3.2,0.95,0.509,178,873.3152,0
"2022-04-22 16:52:00",181,396.9,526.6,115.2,31.44,31.57,31.3,0.056,29.14,29.4,28.99,0.106,1.434,2.45,0,0.48,213.7,873.2327,0
"2022-04-22 16:53:00",182,391.9,521.4,114.4,31.33,31.44,31.23,0.048,29.26,29.37,29.09,0.059,0.598,1.7,0,0.481,237.9,873.2327,0
"2022-04-22 16:54:00",183,389.9,523.5,114.1,31.27,31.37,31.2,0.038,29.41,29.6,29.3,0.069,0.285,0.95,0,0.435,205.9,873.2297,0
"2022-04-22 16:55:00",184,388,526,113.5,31.31,31.44,31.23,0.05,29.46,29.64,29.16,0.095,0,0,0,0,314.6,873.1479,0
"2022-04-22 16:56:00",185,384,523.4,113.3,31.48,31.61,31.33,0.054,29.28,29.67,28.75,0.26,1.297,3.2,0,0.953,56.65,873.1468,0
"2022-04-22 16:57:00",186,383.2,522.7,113.5,31.33,31.5,31.2,0.071,29.17,29.54,28.79,0.207,1.763,2.45,0.95,0.46,58.19,873.1459,0
"2022-04-22 16:58:00",187,382.2,523.9,113.5,31.21,31.3,31.13,0.042,29.52,29.64,29.4,0.054,0.111,0.95,0,0.305,54.47,873.1426,0
"2022-04-22 16:59:00",188,381.2,527.7,113.2,31.37,31.51,31.2,0.084,29.5,29.71,29.13,0.148,1.071,2.45,0,0.863,127.5,872.9846,0
"2022-04-22 17:00:00",189,377.8,523.2,112.7,31.61,31.74,31.47,0.063,29.27,29.88,28.89,0.254,1.211,3.2,0,0.715,71.06,873.1511,0
"2022-04-22 17:01:00",190,372.9,520.2,112.4,31.78,31.92,31.68,0.054,29.24,29.54,28.89,0.169,0.38,0.95,0,0.465,64.1,873.1495,0
"2022-04-22 17:02:00",191,369.5,520.4,111.4,31.95,32.12,31.74,0.082,28.97,29.2,28.65,0.169,0.453,1.7,0,0.517,102.8,873.1544,0
"2022-04-22 17:03:00",192,362.9,514.3,110.1,32.11,32.22,32.02,0.048,28.63,28.79,28.48,0.071,0.032,0.95,0,0.171,97.4,873.1519,0
"2022-04-22 17:04:00",193,356.4,508,109.1,32.23,32.39,32.08,0.078,28.57,28.75,28.24,0.166,0.123,1.7,0,0.351,181.2,873.1501,0
"2022-04-22 17:05:00",194,348.1,496.3,108.4,32.37,32.46,32.29,0.041,28.55,28.96,28,0.301,1.509,3.2,0,0.644,162.4,873.1502,0
"2022-04-22 17:06:00",195,348.8,500.9,108.1,32.41,32.53,32.32,0.045,28.59,29.13,28.1,0.29,2.403,3.95,0,1.014,154.1,873.1549,0
"2022-04-22 17:07:00",196,345.2,497.8,107.5,32.45,32.53,32.32,0.046,28.79,29.02,28.55,0.123,0.882,3.2,0,0.882,127.2,873.1524,0
"2022-04-22 17:08:00",197,329.7,469.9,106.6,32.54,32.66,32.46,0.046,28.34,28.92,27.93,0.291,1.07,2.45,0,0.58,196,873.1505,0
"2022-04-22 17:09:00",198,324.9,466.4,105.6,32.61,32.73,32.53,0.053,28.1,28.28,27.9,0.099,0,0,0,0,220.6,873.149,0
"2022-04-22 17:10:00",199,321.6,462.1,105.2,32.82,32.94,32.7,0.056,27.93,28.17,27.7,0.115,0.265,2.45,0,0.573,142.8,873.1541,0
"2022-04-22 17:11:00",200,317.6,457.3,104.3,32.82,32.9,32.67,0.045,28.07,28.51,27.56,0.258,1.263,2.45,0,0.739,217.8,873.1541,0
"2022-04-22 17:12:00",201,297.6,418.1,103.1,32.87,32.97,32.77,0.047,28.26,28.62,27.59,0.282,0.317,0.95,0,0.448,164.1,873.158,0
"2022-04-22 17:13:00",202,299.6,434.6,101,32.89,32.97,32.8,0.043,27.99,28.24,27.59,0.157,0,0,0,0,336.9,873.1564,0
"2022-04-22 17:14:00",203,292.4,426.7,98.8,32.93,33.04,32.84,0.045,27.95,28.24,27.63,0.123,0.752,3.2,0,0.953,125.9,873.2393,0
"2022-04-22 17:15:00",204,284,414.7,97.3,32.87,33.04,32.7,0.072,27.8,28.14,27.56,0.178,1.925,3.2,0.95,0.536,138.7,873.162,0
"2022-04-22 17:16:00",205,289.9,434.8,96.2,32.61,32.8,32.43,0.097,27.97,28.24,27.77,0.119,1.671,2.45,0,0.689,143.4,873.1644,0
"2022-04-22 17:17:00",206,286.3,433.5,95.2,32.42,32.5,32.33,0.041,28.41,28.69,28.04,0.195,1.424,3.2,0,0.667,187.6,873.1644,0
"2022-04-22 17:18:00",207,281.2,425.9,94.5,32.36,32.46,32.22,0.048,28.65,28.89,28.38,0.114,1.946,3.2,0,0.899,179.9,873.1664,0
"2022-04-22 17:19:00",208,276.6,418.9,94,32.24,32.36,32.12,0.05,28.57,28.99,28.17,0.192,3.325,5.45,2.45,0.673,177.8,873.168,0
"2022-04-22 17:20:00",209,277.5,427,93.5,32.17,32.22,32.09,0.041,28.78,29.03,28.48,0.132,1.183,3.2,0,1.077,154.7,873.1691,0
"2022-04-22 17:21:00",210,275.5,429.8,92.5,32.18,32.29,32.05,0.054,28.81,29.03,28.55,0.118,1.297,2.45,0,0.902,183.2,873.1639,0
"2022-04-22 17:22:00",211,273,431.4,91.1,32.26,32.36,32.15,0.045,28.73,28.89,28.58,0.084,1.505,2.45,0,0.73,166.5,873.1596,0
"2022-04-22 17:23:00",212,269.4,429,90,32.23,32.36,32.12,0.045,28.48,28.92,27.97,0.262,1.968,3.2,0,0.702,176.3,873.1595,0
"2022-04-22 17:24:00",213,262.8,422.5,89,32.13,32.22,32.02,0.045,28.31,28.65,27.87,0.22,0.558,2.45,0,0.73,225,873.1563,0
"2022-04-22 17:25:00",214,255,413,87.4,32.15,32.26,32.05,0.052,28.71,28.92,28.45,0.097,0.303,1.7,0,0.53,164.9,873.1586,0
"2022-04-22 17:26:00",215,249.2,407.2,86.1,32.22,32.29,32.12,0.044,28.42,28.52,28.28,0.055,0.629,1.7,0,0.574,105.4,873.0811,0
"2022-04-22 17:27:00",216,247.9,413,85.1,32.25,32.36,32.16,0.042,28.37,28.55,28.14,0.104,0.095,0.95,0,0.285,54.67,873.0882,0
"2022-04-22 17:28:00",217,245.2,414.3,83.8,32.29,32.39,32.19,0.043,28.5,28.82,28.31,0.126,0.333,3.2,0,0.796,161.2,873.0062,0
"2022-04-22 17:29:00",218,243.5,414.5,82.8,32.34,32.43,32.26,0.044,28.03,28.45,27.76,0.16,2.075,3.2,0.95,0.484,160.5,873.2432,0
"2022-04-22 17:30:00",219,244,422.9,81.8,32.27,32.36,32.19,0.041,28.26,28.62,27.87,0.233,0.565,2.45,0,0.686,166.1,872.9988,0
"2022-04-22 17:31:00",220,239.6,419.3,80.9,32.3,32.39,32.22,0.034,27.9,28.31,27.53,0.236,1.512,3.2,0,0.742,163.3,873.0754,0
"2022-04-22 17:32:00",221,235.5,416.7,79.79,32.36,32.53,32.19,0.069,27.88,28.07,27.7,0.098,0.06,1.7,0,0.273,79.31,873.0739,0
"2022-04-22 17:33:00",222,230.7,412.5,78.66,32.49,32.6,32.36,0.046,27.61,28,27.39,0.136,0.433,1.7,0,0.536,153.7,873.1519,0
"2022-04-22 17:34:00",223,225.9,405.9,77.84,32.46,32.53,32.36,0.039,27.76,27.97,27.53,0.107,0.107,1.7,0,0.334,111.9,873.1501,0
"2022-04-22 17:35:00",224,221.4,400.7,76.99,32.51,32.6,32.39,0.044,27.63,27.87,27.36,0.171,0.458,1.7,0,0.576,144.6,873.1501,0
"2022-04-22 17:36:00",225,217.5,396.1,76.21,32.51,32.6,32.43,0.039,27.79,28,27.56,0.115,0.048,0.95,0,0.207,188.7,873.1487,0
"2022-04-22 17:37:00",226,216.4,397.6,76.12,32.51,32.6,32.36,0.053,27.62,27.97,27.36,0.171,2.024,3.2,0,0.673,172.5,873.1537,0
"2022-04-22 17:38:00",227,215.6,397.7,76.1,32.29,32.46,32.12,0.083,27.86,28.11,27.63,0.099,1.597,2.45,0,0.512,188.5,873.1579,0
"2022-04-22 17:39:00",228,213.7,398.3,75.49,32.15,32.29,32.02,0.05,28.08,28.34,27.76,0.166,0.234,1.7,0,0.435,212.1,873.1611,0
"2022-04-22 17:40:00",229,209.1,392.3,74.45,32.05,32.15,31.92,0.058,28.32,28.65,28,0.168,0.9,3.2,0,1.033,198.7,873.1574,0
"2022-04-22 17:41:00",230,206,388.3,73.86,31.84,31.98,31.71,0.073,28.78,29.43,28.41,0.299,2.2,3.2,0.95,0.506,235.8,873.1588,0
"2022-04-22 17:42:00",231,203.3,385.5,72.93,31.59,31.78,31.37,0.097,28.56,28.82,28.28,0.142,2.275,3.2,1.7,0.346,258.1,873.2361,0
"2022-04-22 17:43:00",232,201.4,386.5,72.03,31.36,31.47,31.23,0.054,28.86,29.13,28.62,0.106,1.663,2.45,0.95,0.442,196.4,873.2325,0
"2022-04-22 17:44:00",233,196.8,383.8,70.48,31.3,31.37,31.23,0.042,29.02,29.2,28.89,0.077,1.256,2.45,0,0.477,239.3,873.158,0
"2022-04-22 17:45:00",234,188.8,369.3,68.58,31.28,31.37,31.17,0.053,29.02,29.37,28.69,0.165,1.988,2.45,0.95,0.495,217.8,873.2469,0
"2022-04-22 17:46:00",235,181.6,355.1,66.71,31.2,31.27,31.1,0.04,29.31,29.54,28.92,0.146,1.825,3.2,0.95,0.478,267,873.168,0
"2022-04-22 17:47:00",236,170.6,330.2,64.79,31.17,31.27,31.07,0.038,29.23,29.47,29.03,0.09,2.088,3.2,0.95,0.464,290.1,873.168,0
"2022-04-22 17:48:00",237,171.7,345.6,63.51,31.18,31.27,31.07,0.042,29.12,29.37,28.86,0.122,2.738,3.2,1.7,0.39,272,873.1692,0
"2022-04-22 17:49:00",238,168.4,344.4,61.99,31.24,31.34,31.07,0.049,29.04,29.23,28.92,0.072,2.35,3.2,0.95,0.464,302.2,873.1667,0
"2022-04-22 17:50:00",239,161.6,331.8,60.2,31.33,31.41,31.2,0.044,29.07,29.4,28.79,0.165,1.909,3.2,0,0.608,251.8,873.3268,0
