"TOA5","ESOLMET-IP","CR1000","23644","CR1000.Std.32.05","CPU:2021-12-16-ESOLMET-CR1000.CR1","4034","Tabla_diez_min"
"TIMESTAMP","RECORD","Batt_Volt_Min","I_glo_Avg","I_dir_Avg","I_dif_Avg","AirTC_Avg","AirTC_Max","AirTC_Min","AirTC_Std","RH_Avg","RH_Max","RH_Min","RH_Std","WS_ms_Avg","WS_ms_Max","WS_ms_Min","WS_ms_Std","WindDir","CS106_PB_Avg","Rain_mm_Tot"
"TS","RN","Volts","W/m2","W/m2","W/m2","째C","째C","째C","째C","%","%","%","%","m/s","m/s","m/s","m/s","grados","mbar","mm"
"","","Min","Avg","Avg","Avg","Avg","Max","Min","Std","Avg","Max","Min","Std","Avg","Max","Min","Std","Smp","Avg","Tot"
"2022-04-22 15:00:00",0,13.05,983,768.5,163.1,30.03,30.52,29.33,0.297,32.61,34.07,31.58,0.481,1.426,4.7,0,1.416,220.5,875.9501,0
"2022-04-22 14:10:00",1,13.05,960,752.5,167.7,29.31,29.7,28.78,0.25,33.6,35.29,32.67,0.593,1.604,3.95,0,0.649,336,875.6474,0
"2022-04-22 14:20:00",2,13.04,944,745.8,169.5,29.83,30.48,29.22,0.387,32.76,33.96,31.27,0.543,1.572,4.7,0,1.047,151.3,875.5224,0
"2022-04-22 14:30:00",3,13.03,920,727.4,170.6,30.8,31.2,30.35,0.228,31.13,31.95,30.22,0.403,0.654,3.95,0,0.84,38.46,875.4123,0
"2022-04-22 14:40:00",4,13,906,765.2,177.3,31.24,31.4,30.99,0.083,30.8,31.68,30.11,0.353,1.376,3.95,0,1.03,101,875.1853,0
"2022-04-22 14:50:00",5,12.97,880,776.1,168.6,31.57,32.42,31.1,0.309,30.69,31.61,29.81,0.426,0.624,3.2,0,0.771,317,875.008,0
"2022-04-22 15:00:00",6,12.98,837,754,163.9,32.92,33.14,32.39,0.145,28.85,30.22,28.04,0.466,0.273,2.45,0,0.544,218.6,874.8834,0
"2022-04-22 15:10:00",7,12.98,804,733.2,161,31.96,32.87,31.27,0.532,29.95,31.17,28.82,0.542,1.168,3.95,0,0.918,215.5,874.6387,0
"2022-04-22 15:20:00",8,12.97,760.1,700.7,161.3,31.32,31.61,30.86,0.124,30.21,31.65,29.37,0.322,2.196,5.45,0,1.253,284.8,874.4121,0
"2022-04-22 15:30:00",9,12.54,723.9,683.4,159,31.26,31.81,30.79,0.273,30.38,31.41,29.36,0.537,1.925,4.7,0,0.994,184.9,874.2305,0
"2022-04-22 15:40:00",10,12.53,698.5,684.8,157,31.86,33.34,30.72,0.833,29.47,30.66,27.46,0.892,0.779,2.45,0,0.831,294.5,874.0336,0
"2022-04-22 15:50:00",11,12.4,659.1,653.7,157.6,32.24,33.55,31.37,0.66,29.12,30.73,27.42,0.765,0.767,3.95,0,0.921,286.1,873.8235,0
"2022-04-22 16:00:00",12,12.96,597.6,591.1,153.5,31.84,33.14,30.45,0.922,29.55,31.03,27.56,1.011,2.16,4.7,0,1.405,163.2,873.7685,0
"2022-04-22 16:10:00",13,12.83,579.7,612.8,146.2,31.09,31.81,30.58,0.256,30.26,30.93,28.92,0.333,1.114,3.95,0,1.203,316.8,873.6707,0
"2022-04-22 16:20:00",14,12.93,535.2,584.2,141.9,31.8,32.53,30.96,0.451,29.5,30.25,28.31,0.48,1.641,3.95,0,0.968,208.4,873.5867,0
"2022-04-22 16:30:00",15,12.64,508.9,584.6,137.7,31.63,32.32,30.96,0.32,29.49,30.32,28.27,0.444,1.499,4.7,0,1.368,203.1,873.3965,0
"2022-04-22 16:40:00",16,12.89,433.4,503.8,128.4,31.8,32.22,31.13,0.336,29.15,30.01,28.27,0.459,1.292,3.2,0,0.988,148.8,873.41,0
"2022-04-22 16:50:00",17,12.88,408.4,515.4,118.9,31.98,32.25,31.61,0.107,28.88,29.47,28.34,0.264,1.532,3.95,0,1.022,197.1,873.3123,0
"2022-04-22 17:00:00",18,12.88,387.9,525.2,113.9,31.39,31.74,31.13,0.133,29.32,29.88,28.75,0.204,0.973,3.2,0,0.876,71.06,873.1729,0
"2022-04-22 17:10:00",19,12.84,348,495.6,108.5,32.33,32.94,31.68,0.304,28.57,29.54,27.7,0.416,0.712,3.95,0,0.942,142.8,873.1517,0
"2022-04-22 17:20:00",20,12.82,290.3,429.1,97.8,32.62,33.04,32.09,0.288,28.24,29.03,27.56,0.371,1.381,5.45,0,1.151,154.7,873.1702,0
"2022-04-22 17:30:00",21,12.79,256.5,419.8,87,32.23,32.43,32.02,0.078,28.46,29.03,27.76,0.278,0.933,3.2,0,0.952,166.1,873.1216,0
"2022-04-22 17:40:00",22,12.79,222.5,403.7,77.25,32.36,32.6,31.92,0.165,27.85,28.65,27.36,0.26,0.737,3.2,0,0.903,198.7,873.138,0
"2022-04-22 17:50:00",23,12.77,185,362,67.51,31.35,31.98,31.07,0.209,29,29.54,28.28,0.256,2.029,3.2,0,0.609,251.8,873.2031,0
"2022-04-22 18:00:00",24,12.74,80.9,87.1,47.84,30.92,31.37,30.72,0.115,29.52,30.35,28.72,0.366,1.355,3.2,0,0.767,273.6,873.1736,0
"2022-04-22 18:10:00",25,12.77,80.2,155.9,39.91,30.82,31.03,30.52,0.112,29.62,30.15,29.06,0.238,1.502,3.95,0,0.941,279.3,873.1866,0
"2022-04-22 18:20:00",26,12.74,65.52,162.7,31.6,31,31.24,30.72,0.115,29.15,29.78,28.75,0.199,0.447,2.45,0,0.729,234.3,873.1011,0
"2022-04-22 18:30:00",27,12.65,50.22,147.1,25.28,30.6,30.93,30.32,0.12,29.85,30.52,29.16,0.275,1.846,3.2,0,0.54,245.3,873.2018,0
"2022-04-22 18:40:00",28,12.72,24.95,58.73,15.08,30.31,30.49,30.08,0.077,30.47,31.21,29.98,0.276,2.12,3.2,0.95,0.516,271.6,873.1935,0
"2022-04-22 18:50:00",29,12.72,7.087,0.008,5.018,29.81,30.22,29.37,0.253,32.59,33.56,31.11,0.659,2.566,4.7,0,0.793,242.7,873.1868,0
"2022-04-22 19:00:00",30,12.72,1.14,0.008,0.36,29.3,29.5,29.09,0.083,33.63,34.07,33.18,0.176,2.429,3.95,0.95,0.548,284.8,873.2114,0
"2022-04-22 19:10:00",31,12.55,0,0.007,0,29.09,29.3,28.85,0.086,34.67,35.4,34,0.393,2.243,3.95,0,0.614,253.6,873.3697,0
"2022-04-22 19:20:00",32,12.7,0,0.01,0,28.89,29.06,28.72,0.065,35.48,35.91,35.09,0.177,1.976,3.95,0.95,0.572,292.7,873.3496,0
"2022-04-22 19:30:00",33,12.55,0,0.012,0,28.68,28.89,28.48,0.078,36.22,36.73,35.7,0.246,1.855,3.2,0,0.546,277.6,873.3702,0
"2022-04-22 19:40:00",34,12.69,0,0.012,0,28.5,28.65,28.31,0.055,36.86,37.27,36.39,0.168,2.141,3.95,0.95,0.48,298.3,873.4025,0
"2022-04-22 19:50:00",35,12.7,0,0.01,0,28.26,28.52,27.71,0.176,37.82,40.34,36.8,0.816,2.23,3.2,0.95,0.492,326.7,873.6057,0
"2022-04-22 20:00:00",36,12.66,0,0.003,0,27.43,27.81,27.23,0.107,40.32,40.99,39.25,0.406,1.603,3.2,0,0.843,89,874.0253,0
"2022-04-22 20:10:00",37,12.64,0,0.009,0,27.48,27.64,27.33,0.053,40.4,41.13,39.46,0.408,0.498,3.2,0,0.666,70.93,874.1287,0
"2022-04-22 20:20:00",38,11.74,0,0.031,0,27.52,27.64,27.36,0.052,39.11,40.51,37.24,0.752,1,3.2,0,0.925,118,874.385,0
"2022-04-22 20:30:00",39,12.27,0,0.019,0,27.35,27.54,27.19,0.059,37.59,38.23,36.97,0.244,1.27,3.2,0,0.797,103.9,874.65,0
"2022-04-22 20:40:00",40,12.56,0,0.016,0,27.33,27.5,27.19,0.045,37.6,38.37,37.07,0.253,0.466,1.7,0,0.557,25.79,874.6611,0
"2022-04-22 20:50:00",41,12.6,0,0.045,0,27.31,27.47,27.19,0.043,37.56,38.47,36.49,0.391,0.881,2.45,0,0.742,108.5,874.8828,0
"2022-04-22 21:00:00",42,12.61,0,0.015,0,27.15,27.4,26.92,0.091,38.39,39.49,36.9,0.547,1.17,3.2,0,0.664,65.71,875.098,0
"2022-04-22 21:10:00",43,12.57,0,0.006,0,26.66,27.06,26.11,0.307,40.55,42.8,38.61,1.331,2.031,6.2,0,1.387,34.64,875.246,0
"2022-04-22 21:20:00",44,12.59,0,0.01,0,26.23,26.41,26.03,0.08,41.64,43,40.79,0.472,0.936,3.2,0,0.824,26.56,875.3354,0
"2022-04-22 21:30:00",45,12.52,0,0.015,0,26.2,26.41,25.93,0.103,40.3,41.2,38.61,0.677,2.433,6.95,0,1.292,64.71,875.502,0
"2022-04-22 21:40:00",46,12.34,0,0.015,0,25.99,26.17,25.8,0.077,38.5,40.38,37.14,0.944,2.883,6.2,0,1.061,25.69,875.6086,0
"2022-04-22 21:50:00",47,12.33,0,0.005,0,25.85,26.07,25.63,0.079,38.62,39.46,37.76,0.323,2.157,5.45,0,0.877,40.79,875.8269,0
"2022-04-22 22:00:00",48,12.4,0,0.001,0,25.48,25.87,25.05,0.227,41.37,43.75,38.23,1.566,1.645,3.95,0,0.872,301.3,875.9009,0
"2022-04-22 22:10:00",49,12.61,0,0.001,0,24.95,25.22,24.64,0.155,44.47,45.56,43.34,0.635,1.83,4.7,0,1.005,45.31,876.0076,0
"2022-04-22 22:20:00",50,12.61,0,0.004,0,24.72,24.81,24.57,0.04,45.3,45.86,44.6,0.257,1.791,3.95,0,0.858,26.23,876.143,0
"2022-04-22 22:30:00",51,12.61,0,0.009,0,24.79,24.98,24.61,0.062,44.45,45.01,43.96,0.182,0.789,3.95,0,0.921,20.78,876.3593,0
"2022-04-22 22:40:00",52,12.48,0,0.007,0,24.71,24.92,24.51,0.083,44.79,45.63,44.03,0.413,0.576,2.45,0,0.635,347.1,876.5435,0
"2022-04-22 22:50:00",53,12.5,0,0.03,0,24.64,24.75,24.47,0.043,45.2,45.73,44.64,0.191,0.398,2.45,0,0.619,67.67,876.7342,0
"2022-04-22 23:00:00",54,12.61,0,0.077,0,24.64,24.81,24.47,0.061,45.42,46.21,44.57,0.438,0.956,2.45,0,0.719,38.37,876.8809,0
"2022-04-22 23:10:00",55,12.63,0,0.008,0,24.51,24.68,24.34,0.065,46.35,47.23,45.63,0.404,0,0,0,0,269.4,877.0803,0
"2022-04-22 23:20:00",56,12.38,0,0.011,0,24.43,24.58,24.3,0.042,46.75,47.03,46.55,0.095,0,0,0,0,4.791,877.1788,0
"2022-04-22 23:30:00",57,12.6,0,0.015,0,24.44,24.58,24.3,0.042,47.02,47.61,46.28,0.262,0,0,0,0,58.12,877.2526,0
"2022-04-22 23:40:00",58,12.48,0,0.186,0,24.47,24.64,24.3,0.061,45.9,47.61,44.68,0.749,0.199,1.7,0,0.462,65.37,877.3262,0
"2022-04-22 23:50:00",59,12.62,0,0.087,0,24.39,24.64,24.2,0.106,45.74,46.69,44.54,0.572,0.59,2.45,0,0.618,18.8,877.3753,0
"2022-04-23 00:00:00",60,12.46,0,0.047,0,24.3,24.47,24.13,0.052,45.95,46.55,45.56,0.177,1.025,2.45,0,0.68,24.7,877.4078,0
"2022-04-23 00:10:00",61,12.53,0,0.007,0,24.33,24.47,24.13,0.054,46.87,47.64,46.07,0.368,0.273,1.7,0,0.449,338.4,877.3751,0
"2022-04-23 00:20:00",62,12.53,0,0.005,0,24.16,24.3,24.03,0.046,48.09,48.66,47.2,0.333,0.43,1.7,0,0.582,11.23,877.2851,0
"2022-04-23 00:30:00",63,12.38,0,0.001,0,24.04,24.2,23.86,0.065,48.53,48.9,47.98,0.234,0.044,1.7,0,0.209,312.8,877.1788,0
"2022-04-23 00:40:00",64,12.54,0,0.021,0,24.05,24.17,23.86,0.049,48.38,48.94,47.91,0.217,0.505,1.7,0,0.564,54.8,877.1707,0
"2022-04-23 00:50:00",65,12.55,0,0.011,0,24.01,24.2,23.76,0.075,48.63,49.11,48.19,0.19,0.351,1.7,0,0.535,320.4,877.097,0
"2022-04-23 01:00:00",66,12.5,0,0.013,0,23.86,24,23.76,0.041,49.16,49.79,48.66,0.211,0.471,1.7,0,0.49,354.5,876.9415,0
"2022-04-23 01:10:00",67,12.51,0,0.01,0,23.77,23.96,23.59,0.058,49.97,50.64,49.24,0.302,0.425,1.7,0,0.501,336.6,876.8107,0
"2022-04-23 01:20:00",68,12.4,0,0.008,0,23.37,23.83,23.18,0.136,51.35,52.04,50.3,0.387,1.126,1.7,0,0.463,343.4,876.778,0
"2022-04-23 01:30:00",69,12.31,0,0.005,0,23.29,23.42,23.15,0.042,51.72,52.55,50.81,0.424,0.291,1.7,0,0.471,335,876.6719,0
"2022-04-23 01:40:00",70,12.39,0,0.01,0,23.11,23.45,22.84,0.127,52.63,54.35,50.84,0.865,0.259,1.7,0,0.43,169.2,876.7701,0
"2022-04-23 01:50:00",71,12.41,0,0.022,0,23.14,23.35,22.94,0.075,53.82,55.41,52.31,0.724,0.744,2.45,0,0.764,297,876.6632,0
"2022-04-23 02:00:00",72,12.5,0,0.012,0,22.9,23.15,22.74,0.082,53.43,54.66,52.48,0.573,1.063,2.45,0,0.586,328.7,876.6146,0
"2022-04-23 02:10:00",73,12.33,0,0.049,0,22.81,22.97,22.6,0.065,52.9,53.71,52.14,0.389,1.16,2.45,0,0.858,323,876.541,0
"2022-04-23 02:20:00",74,12.34,0,0.07,0,22.64,22.84,22.46,0.08,53.1,54.25,52,0.502,2.249,3.2,1.7,0.397,312,876.4671,0
"2022-04-23 02:30:00",75,12.29,0,0.009,0,22.5,22.7,22.29,0.085,53.33,54.69,52.38,0.568,2.12,3.2,0.95,0.399,318.1,876.4676,0
"2022-04-23 02:40:00",76,12.3,0,0.005,0,22.59,22.77,22.29,0.099,53.2,54.93,52.38,0.698,1.667,2.45,0,0.476,354.4,876.5245,0
"2022-04-23 02:50:00",77,12.26,0,0,0,22.31,22.5,22.09,0.08,54.39,55.07,53.71,0.291,1.336,2.45,0.95,0.377,347,876.4347,0
"2022-04-23 03:00:00",78,12.29,0,0.006,0,22.22,22.36,22.12,0.043,54.95,55.85,54.11,0.34,1.068,1.7,0,0.48,4.984,876.5329,0
"2022-04-23 03:10:00",79,12.23,0,0.012,0,22.21,22.43,22.02,0.084,54.91,55.92,54.11,0.42,0.662,1.7,0,0.539,354.5,876.5737,0
"2022-04-23 03:20:00",80,12.22,0,0.007,0,22.25,22.5,21.92,0.152,54.86,55.89,54.15,0.45,0.31,1.7,0,0.457,326.6,876.5492,0
"2022-04-23 03:30:00",81,12.23,0,0.012,0,22.11,22.26,21.99,0.045,54.15,54.8,53.67,0.23,0.696,1.7,0,0.493,332.7,876.5655,0
"2022-04-23 03:40:00",82,12.18,0,0.065,0,21.97,22.26,21.51,0.179,55.75,58.95,53.47,1.44,1.383,2.45,0,0.624,333,876.5493,0
"2022-04-23 03:50:00",83,12.24,0,0.03,0,21.61,21.75,21.48,0.053,56.46,58.1,54.93,0.521,1.589,2.45,0.95,0.443,23.08,876.549,0
"2022-04-23 04:00:00",84,12.24,0,0.014,0,21.68,21.85,21.54,0.052,56.4,57.01,55.72,0.333,0.942,1.7,0,0.529,16.02,876.582,0
"2022-04-23 04:10:00",85,12.23,0,0.01,0,21.82,21.95,21.68,0.049,55.87,56.5,54.8,0.333,0.241,0.95,0,0.413,340.8,876.5492,0
"2022-04-23 04:20:00",86,12.2,0,0.01,0,21.88,22.02,21.75,0.047,54.84,55.44,54.32,0.271,0.266,0.95,0,0.427,4.766,876.549,0
"2022-04-23 04:30:00",87,12.23,0,0.006,0,21.78,22.05,21.48,0.136,56.17,57.45,54.66,0.688,0.94,1.7,0,0.382,346.5,876.5737,0
"2022-04-23 04:40:00",88,12.18,0,0.007,0,21.49,21.65,21.34,0.056,56.84,59.06,55.48,1.135,1.38,1.7,0,0.399,335.6,876.5903,0
"2022-04-23 04:50:00",89,12.17,0,0.014,0,21.54,21.78,21.27,0.118,55.56,57.42,54.18,0.825,1.636,2.45,0.95,0.371,332.7,876.6882,0
"2022-04-23 05:00:00",90,12.19,0,0.005,0,21.26,21.44,21.07,0.063,56.78,57.66,55.68,0.429,1.23,2.45,0,0.59,341,876.7043,0
"2022-04-23 05:10:00",91,12.19,0,0,0,20.92,21.27,20.59,0.169,58.55,59.4,57.42,0.463,1.15,1.7,0,0.551,35.45,876.6965,0
"2022-04-23 05:20:00",92,12.19,0,0.001,0,20.52,20.76,20.32,0.096,59.63,60.21,59.06,0.239,1.39,2.45,0,0.462,350.2,876.8112,0
"2022-04-23 05:30:00",93,12.2,0,0.013,0,20.53,20.73,20.35,0.082,59.18,60.01,58.41,0.369,1.576,2.45,0,0.45,353.8,876.8681,0
"2022-04-23 05:40:00",94,12.19,0,0.003,0,20.3,20.52,20.11,0.086,59.94,60.56,59.23,0.339,1.11,2.45,0,0.624,0.315,876.8682,0
"2022-04-23 05:50:00",95,12.21,0,0.007,0,20.41,20.66,20.11,0.127,59.48,60.69,58.68,0.424,0.801,2.45,0,0.634,346.3,876.9419,0
"2022-04-23 06:00:00",96,12.23,0,0.008,0,19.95,20.28,19.6,0.218,61.71,63.08,59.98,1.013,1.706,2.45,0.95,0.364,343.2,877.0317,0
"2022-04-23 06:10:00",97,12.19,0.012,0.004,0,19.59,19.74,19.36,0.061,62.77,63.42,62.26,0.256,1.631,2.45,0.95,0.38,320,877.0971,0
"2022-04-23 06:20:00",98,12.19,2.603,0.136,1.827,19.72,20.04,19.29,0.221,62.08,63.76,60.9,0.881,1.644,2.45,0.95,0.338,346.8,877.1383,0
"2022-04-23 06:30:00",99,12.19,12.82,0.163,9.57,19.77,19.91,19.64,0.055,62.51,63.18,61.78,0.295,1.524,2.45,0.95,0.332,340.7,877.1953,0
"2022-04-23 06:40:00",100,12.23,33.94,0.85,22.76,19.67,19.91,19.43,0.102,62.94,64.41,61.82,0.613,1.709,2.45,0.95,0.311,342.5,877.2037,0
"2022-04-23 06:50:00",101,12.31,65.42,100.1,39.88,19.54,19.7,19.43,0.049,63.75,64.95,63.11,0.397,2.176,3.2,0.95,0.405,352.3,877.3343,0
"2022-04-23 07:00:00",102,12.38,82,137.3,50.33,19.77,19.94,19.6,0.063,62.69,63.62,62.19,0.292,1.926,2.45,0.95,0.388,348.6,877.4082,0
"2022-04-23 07:10:00",103,12.41,105.9,126.2,66.83,20.04,20.32,19.77,0.116,62.08,62.67,61.68,0.176,1.611,2.45,0.95,0.434,317.1,877.5224,0
"2022-04-23 07:20:00",104,12.56,148.2,171.8,89.3,20.67,21.03,20.15,0.22,60.74,61.95,59.94,0.464,1.206,2.45,0,0.448,309.2,877.5881,0
"2022-04-23 07:30:00",105,12.69,159.2,223.4,82.3,21.33,21.68,20.93,0.185,59,60.21,57.76,0.621,1.442,2.45,0,0.456,283.4,877.6859,0
"2022-04-23 07:40:00",106,12.83,216.4,375,85.5,21.94,22.36,21.54,0.199,57.02,58.31,55.17,0.722,1.249,2.45,0,0.477,204.8,877.6611,0
"2022-04-23 07:50:00",107,13.29,285.4,435.7,113.7,22.61,23.25,22.26,0.231,54.25,55.38,52.51,0.711,1.08,2.45,0,0.546,147.5,877.6785,0
"2022-04-23 08:00:00",108,13.29,360.5,450.4,157.1,23.45,23.72,23.08,0.131,52.2,52.89,50.98,0.41,1.379,2.45,0,0.615,187.1,877.7431,0
"2022-04-23 08:10:00",109,13.2,330.4,261.8,178.8,23.92,24.2,23.55,0.133,51.29,52.45,50.37,0.369,1.135,2.45,0,0.662,103.7,877.7596,0
"2022-04-23 08:20:00",110,13.17,296.3,215.2,159.3,24,24.34,23.72,0.132,51.1,52.17,49.96,0.55,1.683,3.95,0,0.911,158.2,877.797,0
"2022-04-23 08:30:00",111,13.21,393.7,444.8,141.7,23.74,24.06,23.52,0.094,51.19,52.14,50.5,0.394,1.752,3.2,0,0.671,176.2,877.6924,0
"2022-04-23 08:40:00",112,13.28,451.9,537.9,139.5,24.1,24.61,23.79,0.195,49.44,51.15,47.57,0.774,1.283,3.95,0,0.849,188.6,877.696,0
"2022-04-23 08:50:00",113,13.26,505.8,611.6,136.7,24.27,24.78,23.89,0.246,48.5,49.89,46.96,0.754,1.175,3.2,0,0.779,167.9,877.6676,0
"2022-04-23 09:00:00",114,13.25,543.2,635.4,139.6,24.93,25.25,24.64,0.153,45.86,47.64,44.4,0.832,1.675,3.95,0,0.749,174.7,877.6011,0
"2022-04-23 09:10:00",115,13.24,583.6,654.3,145.9,24.41,24.91,23.92,0.269,46.84,48.04,45.56,0.688,2.169,4.7,0,0.97,154.3,877.5296,0
"2022-04-23 09:20:00",116,13.23,622.4,681.2,147.7,25.43,25.9,24.57,0.301,44.86,46.55,43.11,0.777,1.694,3.95,0,0.989,157.2,877.449,0
"2022-04-23 09:30:00",117,13.22,661.3,703.4,149.2,25.61,25.87,25.36,0.117,44.16,45.66,42.39,0.782,2.005,3.95,0,0.908,129.5,877.2725,0
"2022-04-23 09:40:00",118,13.21,698.5,714.9,155.2,25.68,25.9,25.49,0.077,43.62,44.67,42.35,0.457,2.127,4.7,0,0.903,230.6,877.2125,0
"2022-04-23 09:50:00",119,13.21,726.5,719.3,159.4,25.8,26.07,25.52,0.105,43.49,44.43,41.53,0.611,2,5.45,0,1.023,189.2,877.2106,0
"2022-04-23 10:00:00",120,13.2,757.8,725.6,163.3,25.48,25.72,25.21,0.096,42.62,44.67,40.75,0.905,2.425,5.45,0,1.49,140.4,877.1354,0
"2022-04-23 10:10:00",121,13.18,784.7,733,166.7,26.28,26.61,25.65,0.227,41.33,42.86,39.42,0.754,1.566,4.7,0,1.091,183.4,876.9738,0
"2022-04-23 10:20:00",122,13.17,813,736.4,172,26.71,27.25,26.03,0.299,40.82,42.04,38.91,0.691,1.588,4.7,0,1.196,91.8,876.9267,0
"2022-04-23 10:30:00",123,13.16,844,743,176.8,26.88,27.39,26.1,0.413,39.75,41.5,38.26,0.877,1.866,4.7,0,1.151,148.6,876.8112,0
"2022-04-23 10:40:00",124,13.15,869,750.9,178.8,27.11,27.53,26.44,0.25,39.2,40.92,37.82,0.733,1.548,4.7,0,1.097,131,876.6028,0
"2022-04-23 10:50:00",125,13.14,892,750.5,182.1,27.25,27.53,27.01,0.131,38.44,39.35,37.41,0.442,1.768,3.95,0,1.085,112,876.4658,0
"2022-04-23 11:00:00",126,13.14,908,747.1,186.8,27.58,27.9,27.08,0.214,37.89,38.98,36.42,0.614,1.444,3.95,0,1.098,124.7,876.3818,0
"2022-04-23 11:10:00",127,13.13,933,750.9,190.8,26.93,27.46,26.61,0.202,39.52,40.85,38.6,0.469,1.626,3.95,0,0.879,140.5,876.267,0
"2022-04-23 11:20:00",128,13.13,952,760.5,191.1,28.12,28.54,27.32,0.303,37.38,39.21,36.18,0.677,1.935,3.95,0,0.919,88.4,876.0912,0
"2022-04-23 11:30:00",129,13.1,969,769.5,190.2,28.66,29.53,28,0.462,36.19,38.02,34.44,0.902,0.53,3.95,0,0.79,48.26,876.0425,0
"2022-04-23 11:40:00",130,13.06,980,764.3,194.1,28.59,29.16,27.97,0.325,36.79,38.12,35.47,0.596,1.36,3.95,0,1.024,124.5,875.9101,0
"2022-04-23 11:50:00",131,12.69,986,749,201.4,28.87,29.4,28.58,0.206,36.42,37.99,35.26,0.532,2.281,5.45,0,1.172,131.3,875.678,0
"2022-04-23 12:00:00",132,12.39,1004,757.9,203,27.91,28.82,27.46,0.298,38.24,39.79,36.04,0.801,2.891,6.95,0,1.108,158.9,875.5029,0
"2022-04-23 12:10:00",133,12.81,1006,758,203.1,28.47,28.78,28.07,0.158,37.03,38.36,35.98,0.529,0.817,3.2,0,0.846,77.84,875.3201,0
"2022-04-23 12:20:00",134,13.06,1009,751.5,206.2,29.36,30.11,28.51,0.491,35.63,37.3,33.69,0.844,1.289,3.95,0,0.91,64.85,875.0452,0
"2022-04-23 12:30:00",135,13.06,1014,746,208.6,29.03,29.94,27.96,0.586,36.01,38.53,33.56,1.22,1.891,4.7,0,1.053,61.65,874.9554,0
"2022-04-23 12:40:00",136,13.06,1009,740.1,206.2,28.16,28.78,27.9,0.179,37.56,38.39,36.38,0.333,1.149,3.2,0,0.854,42.86,874.7876,0
"2022-04-23 12:50:00",137,13.05,1012,748.6,205.9,29.34,30.01,28.58,0.461,35.37,37.44,33.59,1.022,1.534,3.95,0,1.006,85.1,874.5524,0
"2022-04-23 13:00:00",138,13.06,1003,735.2,207.2,29.49,29.9,29.19,0.165,35.2,36.18,34.2,0.46,2.219,4.7,0,0.925,85.4,874.3651,0
"2022-04-23 13:10:00",139,13.08,991,720.4,215,29.86,30.32,29.43,0.261,34.4,35.97,33.25,0.579,1.5,4.7,0,1.196,177.6,874.171,0
"2022-04-23 13:20:00",140,13.07,989,722.2,216.9,30.33,30.93,29.7,0.31,33.4,34.51,32.02,0.635,1.359,3.95,0,0.957,331.9,873.9417,0
"2022-04-23 13:30:00",141,13.05,983,722.3,216.1,30.19,30.89,29.63,0.39,33.65,34.51,32.5,0.401,1.065,4.7,0,1.18,114.7,873.7172,0
"2022-04-23 13:40:00",142,13.05,976,712.5,218.9,30.72,31.1,30.41,0.137,33.08,34.1,32.26,0.326,2.773,5.45,0.95,0.984,117.5,873.4825,0
"2022-04-23 13:50:00",143,13.05,951,700.1,212.4,30.02,30.99,29.26,0.494,33.87,35.22,31.99,0.842,1.898,4.7,0,1.033,124,873.1675,0
"2022-04-23 14:00:00",144,13.05,938,692.9,216.6,30.71,31.13,30.07,0.273,32.91,34.07,31.95,0.511,2.48,5.45,0,1.214,80.1,872.9682,0
"2022-04-23 14:10:00",145,13.05,934,715.1,209.5,31.06,31.3,30.55,0.182,32.12,33.56,31.44,0.498,0.831,3.95,0,0.932,93.5,872.7051,0
"2022-04-23 14:20:00",146,13.04,919,713.4,205.5,31.13,31.81,30.48,0.315,32.31,33.49,30.93,0.545,2.541,4.7,0,0.918,73.21,872.3897,0
"2022-04-23 14:30:00",147,13.03,892,689.8,212.9,31.29,31.67,30.59,0.267,32.02,33.21,30.97,0.597,2.315,5.45,0,0.972,82.1,872.2305,0
"2022-04-23 14:40:00",148,13.03,886,683.8,225.9,30.9,31.5,30.58,0.196,32.32,33.15,31.07,0.438,1.791,3.2,0,0.77,117.3,872.0421,0
"2022-04-23 14:50:00",149,13.02,852,656.9,227.3,31.67,32.08,31.13,0.235,31.2,32.09,30.39,0.343,1.711,3.95,0,0.956,138,871.9109,0
"2022-04-23 15:00:00",150,13.03,643.8,425.1,214.5,31.64,32.12,31.13,0.253,31.25,31.75,30.28,0.266,0.877,3.2,0,0.852,71.09,871.5515,0
"2022-04-23 15:10:00",151,13.03,441.1,204,194.7,31.77,32.12,31.37,0.201,31.25,32.46,30.35,0.485,1.451,5.45,0,1.246,87.6,871.3367,0
"2022-04-23 15:20:00",152,13.03,547.7,332.1,208.6,31.22,31.71,30.48,0.392,31.9,32.77,31.1,0.383,2.366,4.7,0,1,94,871.1964,0
"2022-04-23 15:30:00",153,12.68,450.1,291.4,172.3,31.21,31.71,30.52,0.318,31.94,32.74,30.8,0.478,1.656,3.95,0,0.925,69.59,870.9171,0
"2022-04-23 15:40:00",154,12.6,116.8,0.13,93.8,30.87,31.2,30.45,0.187,32.31,32.91,31.61,0.274,0.618,3.2,0,0.811,347.7,870.8838,0
"2022-04-23 15:50:00",155,12.54,76.82,0.011,63.85,30.84,31.13,30.38,0.191,32.28,32.94,31.68,0.287,0.797,3.2,0,0.824,114.8,870.7042,0
"2022-04-23 16:00:00",156,12.51,54.75,0.007,46.32,30.36,30.55,30.11,0.089,32.95,33.93,32.47,0.39,1.141,2.45,0,0.743,54.78,870.554,0
"2022-04-23 16:10:00",157,12.47,38.95,0.014,33.03,30.29,30.48,30.11,0.074,33.25,33.76,32.74,0.184,0.563,2.45,0,0.727,74.79,870.3514,0
"2022-04-23 16:20:00",158,12.43,32.67,0.016,27.31,30.2,30.42,30.01,0.061,33.39,33.83,32.6,0.239,1.023,2.45,0,0.662,95.5,870.1349,0
"2022-04-23 16:30:00",159,12.37,34.48,0.018,29,30.16,30.32,30.01,0.044,33.24,33.73,32.84,0.203,0.916,2.45,0,0.737,64.39,870.0949,0
"2022-04-23 16:40:00",160,12.42,41.65,0.031,35.66,30.14,30.35,29.94,0.095,33.37,34,32.74,0.235,0.699,2.45,0,0.658,22.35,870.1501,0
"2022-04-23 16:50:00",161,12.42,63.34,0.239,53.27,30.25,30.39,30.11,0.055,32.93,33.32,32.5,0.183,0.956,2.45,0,0.749,60.11,870.0929,0
"2022-04-23 17:00:00",162,12.44,188,102.9,109,30.61,30.97,30.22,0.208,32.49,33.76,31.75,0.497,0,0,0,0,93,870.0373,0
"2022-04-23 17:10:00",163,12.68,388.9,377,178.2,31.61,32.74,30.86,0.503,31,31.99,29.61,0.552,0,0,0,0,52.32,869.9473,0
"2022-04-23 17:20:00",164,12.65,347.2,395.6,156.3,32.17,32.74,31.92,0.144,30.3,30.87,29.27,0.295,0.278,1.7,0,0.503,353.4,869.9664,0
"2022-04-23 17:30:00",165,12.51,199.5,191.9,105.7,32.35,32.77,31.92,0.206,30.51,31.07,29.78,0.262,0.121,1.7,0,0.337,168.6,870.0745,0
"2022-04-23 17:40:00",166,12.52,169.5,168.7,90.2,32.12,32.46,31.82,0.177,30.49,30.9,30.08,0.179,0.357,2.45,0,0.539,65.57,870.0701,0
"2022-04-23 17:50:00",167,12.53,200.3,273.8,98.7,31.84,32.09,31.58,0.098,30.89,31.44,30.32,0.207,0.178,1.7,0,0.414,66.95,870.0801,0
"2022-04-23 18:00:00",168,12.47,84.4,29.83,63.43,31.4,31.68,31.2,0.124,31.54,32.06,31.14,0.217,0.07,1.7,0,0.265,151.6,870.1364,0
"2022-04-23 18:10:00",169,12.44,41.92,0.003,34.33,31.18,31.44,30.83,0.151,31.86,32.5,31.38,0.258,0.307,1.7,0,0.509,153.4,870.2391,0
"2022-04-23 18:20:00",170,12.43,24.89,0.002,19.36,30.71,30.93,30.52,0.089,32.54,33.22,32.06,0.248,0.013,0.95,0,0.109,166.8,870.2078,0
"2022-04-23 18:30:00",171,12.46,18.5,0.008,14.95,30.38,30.69,30.05,0.151,33.67,34.92,32.91,0.528,1.339,3.95,0,1.119,227.7,870.0826,0
"2022-04-23 18:40:00",172,12.53,12.14,0.007,9.35,29.9,30.18,29.67,0.109,35.38,35.94,34.65,0.305,2.028,3.95,0,0.606,218.2,870.2072,0
"2022-04-23 18:50:00",173,12.56,5.557,0.007,4.051,29.73,29.88,29.54,0.055,35.66,36.11,35.09,0.208,1.134,3.2,0,0.708,211.4,870.2578,0
"2022-04-23 19:00:00",174,12.56,0.708,0.008,0.293,29.57,29.71,29.4,0.06,35.72,36.08,35.3,0.168,0.94,2.45,0,0.694,274.5,870.2952,0
"2022-04-23 19:10:00",175,12.44,0,0.005,0,29.42,29.57,29.26,0.055,36.31,36.9,35.84,0.177,0.144,0.95,0,0.341,1.645,870.4447,0
"2022-04-23 19:20:00",176,12.59,0,0.005,0,28.9,29.4,28.41,0.326,39.05,40.71,36.42,1.439,0.521,1.7,0,0.61,65.72,870.5488,0
"2022-04-23 19:30:00",177,12.41,0,0.007,0,28.47,28.69,28.24,0.112,40.08,41.13,38.91,0.566,0.238,2.45,0,0.566,325.7,870.605,0
"2022-04-23 19:40:00",178,12.4,0,0.012,0,28.23,28.48,27.8,0.164,40.77,42.9,39.18,0.835,1.299,2.45,0,0.752,344.8,870.7353,0
"2022-04-23 19:50:00",179,12.55,0,0.01,0,27.93,28.18,27.73,0.069,41.76,42.9,41.06,0.267,0.986,2.45,0,0.721,348.2,870.8798,0
"2022-04-23 20:00:00",180,12.56,0,0.015,0,28.16,28.32,27.97,0.059,41.22,41.88,40.58,0.317,0.417,1.7,0,0.539,81.9,871.0108,0
"2022-04-23 20:10:00",181,12.55,0,0.009,0,28.19,28.35,27.94,0.064,41.28,42.28,40.48,0.376,0,0,0,0,24.43,871.1199,0
"2022-04-23 20:20:00",182,11.92,0,0.006,0,27.98,28.18,27.64,0.109,42.08,43.24,41.02,0.443,0.18,1.7,0,0.464,348.9,871.2482,0
"2022-04-23 20:30:00",183,12.51,0,0.005,0,27.48,27.74,27.3,0.078,44.78,45.59,43.14,0.473,0.335,1.7,0,0.549,23.01,871.3926,0
"2022-04-23 20:40:00",184,11.84,0,0.012,0,27.66,27.81,27.46,0.074,43.59,44.94,42.46,0.561,0.329,1.7,0,0.475,105.4,871.4215,0
"2022-04-23 20:50:00",185,12.52,0,0.013,0,27.66,27.81,27.5,0.063,43.52,43.99,42.93,0.213,0.392,1.7,0,0.511,24.12,871.4682,0
"2022-04-23 21:00:00",186,12.49,0,0.005,0,27.65,27.81,27.46,0.075,44.48,46.03,43.17,0.771,0.057,0.95,0,0.226,32.25,871.726,0
"2022-04-23 21:10:00",187,12.53,0,0.007,0,27.37,27.64,27.13,0.105,44.99,46.14,43.58,0.61,0.096,1.7,0,0.29,137.5,871.941,0
"2022-04-23 21:20:00",188,12.53,0,0.01,0,27.08,27.33,26.85,0.074,44.95,46.71,43.48,0.673,0.288,1.7,0,0.539,286.2,871.9814,0
"2022-04-23 21:30:00",189,12.48,0,0.022,0,27.26,27.4,27.06,0.065,43.27,44.26,42.53,0.361,1.07,2.45,0,0.477,292.7,872.0604,0
"2022-04-23 21:40:00",190,12.52,0,0.017,0,27.21,27.37,26.96,0.069,42.77,43.75,42.01,0.341,1.588,3.2,0,0.524,269,872.2555,0
"2022-04-23 21:50:00",191,12.52,0,0.009,0,26.85,27.13,26.55,0.147,43.63,45.18,42.36,0.643,1.226,2.45,0,0.789,0.194,872.3272,0
"2022-04-23 22:00:00",192,12.51,0,0.007,0,26.42,26.65,26.14,0.092,45.39,46.96,44.16,0.683,0.524,3.95,0,0.972,167.3,872.4692,0
"2022-04-23 22:10:00",193,12.51,0,0.009,0,26.01,26.31,25.83,0.093,46.48,48.08,44.64,0.919,1.522,3.95,0,1.18,115.4,872.7285,0
"2022-04-23 22:20:00",194,12.5,0,0.005,0,25.94,26.07,25.7,0.064,45.75,46.38,45.05,0.345,0.814,2.45,0,0.756,138.8,872.7954,0
"2022-04-23 22:30:00",195,12.46,0,0.004,0,25.73,25.87,25.56,0.058,46.47,47.23,45.97,0.242,0.597,1.7,0,0.578,284.1,872.8749,0
"2022-04-23 22:40:00",196,12.29,0,0.002,0,25.63,25.84,25.36,0.1,47.45,48.83,46.17,0.76,0.147,1.7,0,0.347,83,872.9185,0
"2022-04-23 22:50:00",197,11.99,0,0.007,0,25.27,25.56,24.92,0.176,49.04,50.23,47.57,0.737,0.829,2.45,0,0.851,341.2,873.1071,0
"2022-04-23 23:00:00",198,12.45,0,0.016,0,24.75,25.05,24.51,0.114,50.51,51.83,49.48,0.531,2.123,3.2,0.95,0.396,353.3,873.1262,0
"2022-04-23 23:10:00",199,12.34,0,0.005,0,24.51,24.85,24.2,0.187,51.4,52.58,49.55,0.761,1.743,2.45,0,0.404,348.8,873.1859,0
"2022-04-23 23:20:00",200,12.38,0,0.005,0,24.44,24.61,24.27,0.077,51.66,52.68,50.74,0.547,1.131,2.45,0,0.601,354.5,873.2324,0
"2022-04-23 23:30:00",201,12.44,0,0.007,0,24.5,24.71,24.3,0.104,51.98,53.09,50.74,0.667,0.507,1.7,0,0.62,114,873.2687,0
"2022-04-23 23:40:00",202,11.92,0,0.011,0,24.29,24.44,24.07,0.072,53.23,54.18,51.97,0.4,0.252,1.7,0,0.474,333.6,873.2939,0
"2022-04-23 23:50:00",203,12.02,0,0.003,0,23.94,24.24,23.69,0.081,53.86,54.42,53.3,0.198,0.417,1.7,0,0.539,332.4,873.3516,0
"2022-04-24 00:00:00",204,12.4,0,0.011,0,23.77,24.03,23.38,0.171,54.4,55.72,53.06,0.566,1.241,2.45,0,0.586,343.2,873.5314,0
"2022-04-24 00:10:00",205,12.24,0,0.016,0,23.54,23.76,23.35,0.073,54.87,55.92,54.01,0.451,1.698,2.45,0.95,0.245,345.6,873.6214,0
"2022-04-24 00:20:00",206,12.23,0,0.007,0,23.41,23.59,23.25,0.07,55.34,56.33,54.52,0.45,1.242,2.45,0,0.58,29.98,873.7197,0
"2022-04-24 00:30:00",207,11.43,0,0.018,0,23.64,23.83,23.42,0.079,55.1,55.68,54.46,0.294,0.107,1.7,0,0.321,76.96,873.8422,0
"2022-04-24 00:40:00",208,11.58,0,0.003,0,23.69,23.9,23.42,0.102,54.96,55.78,54.18,0.34,0,0,0,0,14.95,873.8258,0
"2022-04-24 00:50:00",209,11.47,0,0.004,0,23.44,23.59,23.28,0.061,56.03,56.67,55.61,0.224,0,0,0,0,0.339,873.8419,0
"2022-04-24 01:00:00",210,11.68,0,0.09,0,23.42,23.55,23.28,0.049,56.11,56.6,55.61,0.238,0.396,2.45,0,0.658,127.2,873.7438,0
"2022-04-24 01:10:00",211,11.43,0,0.128,0,23.4,23.62,23.18,0.089,57.04,57.86,55.96,0.539,0.507,2.45,0,0.623,65.5,873.793,0
"2022-04-24 01:20:00",212,12.28,0,0.014,0,23.17,23.32,23.01,0.048,58.21,58.61,57.8,0.189,0.087,1.7,0,0.29,97.1,873.8831,0
"2022-04-24 01:30:00",213,12.46,0,0.222,0,23.38,23.69,23.11,0.101,57.72,58.14,57.25,0.206,0.544,3.2,0,0.68,68.81,873.9076,0
"2022-04-24 01:40:00",214,12.45,0,0.126,0,23.57,23.72,23.42,0.053,57.47,57.93,57.11,0.209,0.623,2.45,0,0.714,145.2,873.9813,0
"2022-04-24 01:50:00",215,12.45,0,0.068,0,23.41,23.59,23.18,0.08,58.44,59.12,57.73,0.421,1.088,3.95,0,0.985,99.9,874.014,0
"2022-04-24 02:00:00",216,12.45,0,0.007,0,23.25,23.42,23.08,0.072,59.32,59.81,58.89,0.251,0.386,1.7,0,0.538,340.7,874.0957,0
"2022-04-24 02:10:00",217,12.45,0,0.01,0,23.19,23.35,23.04,0.048,59.4,59.77,59.02,0.178,0.635,1.7,0,0.522,349.6,874.1527,0
"2022-04-24 02:20:00",218,12.31,0,0.007,0,23.21,23.32,23.08,0.043,59.31,59.64,58.89,0.128,0,0,0,0,351.7,874.0875,0
"2022-04-24 02:30:00",219,12.45,0,0.028,0,23.3,23.42,23.18,0.047,58.74,59.5,58.17,0.344,0.03,0.95,0,0.166,157.7,874.0789,0
"2022-04-24 02:40:00",220,12.45,0,0.007,0,23.33,23.49,23.08,0.059,58.59,59.77,58.17,0.427,0,0,0,0,354.5,873.9976,0
"2022-04-24 02:50:00",221,12.45,0,0.009,0,22.81,23.25,22.53,0.178,60.77,61.48,59.67,0.349,0.835,1.7,0,0.621,351,873.973,0
"2022-04-24 03:00:00",222,12.44,0,0.01,0,22.81,22.94,22.67,0.048,60.18,60.69,59.81,0.149,0.162,1.7,0,0.378,210.7,874.0626,0
"2022-04-24 03:10:00",223,12.44,0,0.005,0,22.89,23.01,22.77,0.041,59.76,60.11,59.12,0.25,0.089,0.95,0,0.276,179.1,874.0134,0
"2022-04-24 03:20:00",224,12.43,0,0.001,0,22.75,22.97,22.53,0.09,60.73,61.44,59.98,0.423,0,0,0,0,179.1,873.9079,0
"2022-04-24 03:30:00",225,12.43,0,0.005,0,22.52,22.7,22.4,0.062,60.27,61.54,58.65,0.799,0.01,0.95,0,0.095,100.3,873.9403,0
"2022-04-24 03:40:00",226,12.43,0,0.041,0,22.51,22.67,22.29,0.073,59.57,61.41,56.4,1.232,0.077,1.7,0,0.264,1.331,873.9402,0
"2022-04-24 03:50:00",227,12.43,0,0.003,0,22.23,22.46,22.02,0.087,61.18,62.46,59.57,0.696,0.136,1.7,0,0.336,309.3,873.9401,0
"2022-04-24 04:00:00",228,12.42,0,0.007,0,22.02,22.19,21.82,0.098,61.64,63.08,59.98,0.725,0.672,1.7,0,0.603,334.8,873.9894,0
"2022-04-24 04:10:00",229,12.41,0,0.02,0,21.98,22.16,21.82,0.054,61.67,62.46,60.76,0.366,0.932,1.7,0,0.494,336.9,874.0793,0
"2022-04-24 04:20:00",230,12.41,0,0.014,0,21.81,22.02,21.68,0.049,62.49,63.01,61.2,0.308,0.881,1.7,0,0.519,338.9,874.0874,0
"2022-04-24 04:30:00",231,12.41,0,0.006,0,21.44,21.85,21.13,0.181,63.87,65.05,62.05,0.711,1.322,1.7,0,0.382,344,874.071,0
"2022-04-24 04:40:00",232,11.69,0,0.009,0,21.26,21.37,21.07,0.05,63.95,64.71,63.15,0.388,1.879,2.45,0.95,0.361,340.1,874.0793,0
"2022-04-24 04:50:00",233,12.41,0,0,0,20.89,21.17,20.73,0.096,64.61,65.36,63.83,0.284,2.004,2.45,0.95,0.378,354.1,874.0299,0
"2022-04-24 05:00:00",234,12.4,0,0.002,0,20.69,20.93,20.42,0.113,65.05,66.25,64.13,0.621,2.133,3.2,0.95,0.467,335.2,874.0714,0
"2022-04-24 05:10:00",235,12.4,0,0.006,0,20.44,20.62,20.32,0.054,66.28,66.66,65.63,0.204,2.286,3.2,1.7,0.433,332.6,874.2267,0
"2022-04-24 05:20:00",236,12.4,0,0.041,0,20.67,20.9,20.45,0.107,65.47,66.38,64.54,0.522,2.004,2.45,1.7,0.368,333.5,874.2017,0
"2022-04-24 05:30:00",237,12.38,0,0.04,0,20.48,20.76,20.25,0.134,66.55,67.37,65.36,0.64,2.116,2.45,1.7,0.373,334.7,874.2186,0
"2022-04-24 05:40:00",238,12.41,0,0.136,0,20.52,20.83,20.28,0.124,66.4,67.27,65.19,0.546,1.851,2.45,0.95,0.328,342.1,874.3568,0
"2022-04-24 05:50:00",239,12.4,0,0.085,0,20.69,20.9,20.42,0.11,65.88,66.96,65.05,0.436,1.89,2.45,0.95,0.435,342,874.3992,0
"2022-04-24 06:00:00",240,12.4,0,0.016,0,20.65,20.93,20.42,0.129,65.67,66.66,64.82,0.561,1.445,2.45,0,0.413,0.169,874.5862,0
"2022-04-24 06:10:00",241,12.4,0.131,0.017,0.048,21.12,21.37,20.79,0.134,64.13,64.92,63.35,0.295,0.416,1.7,0,0.493,321.7,874.611,0
"2022-04-24 06:20:00",242,12.4,2.603,0.016,1.915,21.18,21.41,20.86,0.127,63.76,64.71,62.63,0.444,1.1,2.45,0,0.634,333.2,874.6433,0
"2022-04-24 06:30:00",243,12.4,8.84,0.908,6.908,21.29,21.44,21.13,0.059,63.4,64.24,62.94,0.225,0.937,1.7,0,0.72,344.6,874.7094,0
"2022-04-24 06:40:00",244,12.38,22.58,16.28,17.33,21.21,21.34,21.03,0.064,63.83,64.71,63.21,0.353,1.2,1.7,0,0.39,330.4,874.8726,0
"2022-04-24 06:50:00",245,12.39,44.6,53.88,31.22,21.33,21.61,21.07,0.135,62.81,64.37,61.34,0.741,0.209,1.7,0,0.44,295.6,874.8561,0
"2022-04-24 07:00:00",246,12.42,77.41,147.7,45.69,21.75,21.95,21.44,0.096,61.06,62.94,59.74,0.849,0.084,0.95,0,0.27,333.2,874.9462,0
"2022-04-24 07:10:00",247,12.48,108.4,208.4,57.08,21.91,22.19,21.65,0.105,61.45,62.5,59.74,0.814,0.025,0.95,0,0.153,296.5,874.9953,0
"2022-04-24 07:20:00",248,12.59,146.4,274.7,70.11,22.2,22.36,22.02,0.061,59.98,60.69,59.5,0.28,0.417,1.7,0,0.487,330.1,875.0853,0
"2022-04-24 07:30:00",249,12.82,183,328.4,80,22.15,22.29,21.99,0.061,60.39,61.27,58.95,0.417,1.09,1.7,0,0.394,299.7,875.1179,0
"2022-04-24 07:40:00",250,12.98,215.6,358.4,89.6,22.47,22.84,22.19,0.151,59.12,60.45,56.91,0.996,0.375,1.7,0,0.497,290.4,875.1017,0
"2022-04-24 07:50:00",251,13.05,246.1,377.9,98.8,23.41,23.86,22.74,0.268,54.66,58.07,52.41,1.583,0.016,0.95,0,0.122,187.9,875.2324,0
"2022-04-24 08:00:00",252,13.13,290.8,428.9,107.7,23.94,24.13,23.72,0.083,52.3,53.3,51.46,0.525,0.732,2.45,0,0.713,158.2,875.1912,0
"2022-04-24 08:10:00",253,13.2,336.5,483.7,113.5,24.24,24.71,23.93,0.196,52.37,53.06,51.22,0.401,0.593,2.45,0,0.678,101.7,875.0442,0
"2022-04-24 08:20:00",254,13.19,376.7,509.8,121.5,24.85,25.12,24.61,0.11,51.21,52.07,50.26,0.399,1.166,2.45,0,0.69,156.8,874.9235,0
"2022-04-24 08:30:00",255,13.17,411.2,524.5,129.1,25.08,25.56,24.68,0.236,50.59,51.97,48.86,0.782,0.835,3.2,0,0.807,158.4,874.9789,0
"2022-04-24 08:40:00",256,13.16,449.8,537.8,140.4,25.14,25.63,24.68,0.243,50.32,51.69,49.14,0.572,0.729,2.45,0,0.729,294.3,875.0327,0
"2022-04-24 08:50:00",257,13.12,488.9,565.2,146.3,25.13,25.63,24.78,0.209,51.21,52.31,49.34,0.719,0.406,2.45,0,0.656,159.9,874.9288,0
"2022-04-24 09:00:00",258,13.11,533.9,600.1,150.2,25.64,25.87,25.26,0.133,50.49,51.8,49.65,0.524,1.165,3.2,0,0.732,92.6,874.8184,0
"2022-04-24 09:10:00",259,13.12,570.7,623.9,153.1,26,26.55,25.59,0.244,49.99,51.28,48.15,0.832,1.061,3.2,0,0.783,89.1,874.8648,0
"2022-04-24 09:20:00",260,13.12,606.9,637.5,158.1,25.8,26.14,25.52,0.125,51.1,51.96,50.05,0.438,1.457,3.95,0,0.742,120,874.8709,0
"2022-04-24 09:30:00",261,13.11,646.6,663.1,161.8,26.35,26.82,25.93,0.225,49.43,51.18,47.67,0.792,1.462,3.95,0,0.88,72.43,874.925,0
"2022-04-24 09:40:00",262,13.11,687.7,689,163,26.45,26.85,25.75,0.3,47.93,49.16,45.99,0.646,1.872,4.7,0,1.099,173.6,874.9567,0
"2022-04-24 09:50:00",263,13.1,721.2,705.5,164.7,26.04,26.43,25.72,0.185,47.78,49.23,45.99,0.655,1.749,4.7,0,1.025,107.9,874.9169,0
"2022-04-24 10:00:00",264,13.09,751.8,713,168.7,26.6,27.22,26.13,0.259,46.19,47.73,44.49,0.9,1.573,4.7,0,1.043,152.4,874.8394,0
"2022-04-24 10:10:00",265,13.09,781,718.2,173.7,26.99,27.22,26.54,0.169,45.02,46.47,43.81,0.623,1.653,3.95,0,0.909,102.9,874.7401,0
"2022-04-24 10:20:00",266,13.06,809,716.8,180.7,27.25,27.8,26.61,0.286,44.4,45.45,43.06,0.55,1.956,5.45,0,1.502,216.6,874.6696,0
"2022-04-24 10:30:00",267,13.05,841,725.2,186.2,26.71,26.95,26.33,0.137,45.5,46.68,44.56,0.465,2.322,5.45,0,1.384,133.5,874.6575,0
"2022-04-24 10:40:00",268,13.06,865,726,194,26.72,27.15,26.23,0.246,45.79,47.05,44.63,0.675,1.648,4.7,0,1.36,131.3,874.5998,0
"2022-04-24 10:50:00",269,13.08,902,746.1,197.6,27.63,27.97,26.98,0.227,43.4,45.11,42.21,0.633,2.072,4.7,0,0.876,156.8,874.4789,0
"2022-04-24 11:00:00",270,13.09,916,731,206.2,27.74,28.07,27.32,0.16,43.35,44.39,42.14,0.557,2.138,6.2,0,0.976,167.7,874.4891,0
"2022-04-24 11:10:00",271,13.06,930,716.9,218.5,28.39,28.68,27.9,0.188,41.67,42.59,40.75,0.478,1.331,4.7,0,1.243,38.7,874.375,0
"2022-04-24 11:20:00",272,13.07,969,734.1,229.6,29.02,29.57,28.44,0.305,40.13,41.7,38.7,0.805,0.815,3.2,0,0.855,169.7,874.2667,0
"2022-04-24 11:30:00",273,13.04,996,736.8,239.7,29.44,29.91,28.88,0.262,39.64,40.81,38.63,0.469,2.023,5.45,0,1.405,110.2,874.1127,0
"2022-04-24 11:40:00",274,13.03,991,735.8,225.1,28.51,28.99,27.83,0.326,41.4,43.44,39.99,0.921,1.654,3.2,0,0.842,85.7,873.9895,0
"2022-04-24 11:50:00",275,13.02,994,738.8,219.4,28.3,28.78,27.86,0.274,41.61,42.38,40.47,0.513,0.967,3.2,0,0.912,50.65,873.8222,0
"2022-04-24 12:00:00",276,13.03,988,730.4,215.5,29.07,29.73,28.47,0.343,40.2,41.8,38.8,0.835,0.788,2.45,0,0.701,172.7,873.676,0
"2022-04-24 12:10:00",277,13.03,1003,738.4,212.3,29.66,30.11,29.26,0.223,39.1,40.51,38.02,0.573,2.397,4.7,0,1.133,151.1,873.5928,0
"2022-04-24 12:20:00",278,13.03,1026,759.2,212.1,29.36,29.67,28.88,0.192,39.59,40.88,38.46,0.472,2.546,5.45,0,1.003,80.1,873.4601,0
"2022-04-24 12:30:00",279,13,1015,748.1,209.3,28.74,29.87,28.06,0.455,40.73,42.07,38.67,0.942,1.395,3.95,0,1.097,47.94,873.335,0
"2022-04-24 12:40:00",280,13,1012,748.2,208,30.29,30.72,29.77,0.206,37.89,38.97,36.38,0.62,2.079,3.95,0,1.057,118.1,873.1881,0
"2022-04-24 12:50:00",281,12.99,1026,755.3,212.2,29.96,30.42,29.5,0.245,38.48,39.48,36.69,0.569,2.355,4.7,0,0.911,246.1,873.1085,0
"2022-04-24 13:00:00",282,12.99,1014,754.4,202.8,29.58,30.28,29.02,0.348,38.74,40.3,37.27,0.718,2.019,5.45,0,1.173,66.73,872.9444,0
"2022-04-24 13:10:00",283,13.01,1013,763.9,196.5,29.88,30.45,29.26,0.32,37.98,39.38,36.31,0.751,2.332,5.45,0,1.15,120.8,872.7444,0
"2022-04-24 13:20:00",284,13,1004,769.2,193.3,30.59,31.37,29.39,0.418,36.76,39.21,35.22,1.002,0.755,3.2,0,0.811,143.5,872.5861,0
"2022-04-24 13:30:00",285,12.98,994,761.8,191.8,30.88,31.74,29.66,0.603,36.11,38.22,34.07,1.009,1.825,4.7,0,1.083,105.9,872.4106,0
"2022-04-24 13:40:00",286,12.97,987,759.1,193.2,30.1,30.52,29.63,0.227,37.25,38.63,36.08,0.534,2.191,4.7,0,0.943,122.3,872.3093,0
"2022-04-24 13:50:00",287,12.97,971,751,196,30.29,30.96,29.7,0.303,36.73,38.32,34.92,0.804,1.713,4.7,0,0.993,337.9,872.1912,0
"2022-04-24 14:00:00",288,12.97,955,741.6,197.6,30.67,31.61,29.94,0.496,35.89,37.3,33.9,0.958,1.615,4.7,0,0.85,17.56,872.008,0
"2022-04-24 14:10:00",289,12.98,936,730.2,199.9,31.96,32.39,31.4,0.191,33.59,34.78,32.57,0.415,1.751,4.7,0,1.268,27.11,871.8815,0
"2022-04-24 14:20:00",290,12.96,924,725,200.3,30.6,31.4,30.07,0.31,35.59,36.79,34.27,0.585,2.424,6.2,0,1.41,32.65,871.6255,0
"2022-04-24 14:30:00",291,12.95,893,707.7,203.8,31.93,32.73,30.62,0.521,33.37,35.5,32.33,0.715,0.665,3.2,0,0.782,164.5,871.4964,0
"2022-04-24 14:40:00",292,12.95,877,702.4,204.2,31.81,32.83,31.1,0.516,33.72,35.5,32.09,0.844,2.014,4.7,0,1.311,188.7,871.3044,0
"2022-04-24 14:50:00",293,12.94,852,689.3,206.6,32.66,33.31,32.02,0.347,32.33,33.55,30.9,0.598,1.849,6.2,0,1.267,84.6,871.1831,0
"2022-04-24 15:00:00",294,12.94,819,670.6,204.6,33.11,33.45,32.66,0.183,31.63,32.64,30.76,0.371,0.956,3.2,0,0.948,99.5,871.0457,0
"2022-04-24 15:10:00",295,12.93,627.5,453.3,192,32.52,33.38,31.88,0.368,32.28,33.25,31,0.513,2.919,6.2,0,1.241,128.4,870.8126,0
"2022-04-24 15:20:00",296,12.92,692.1,527.9,214.1,32.3,32.59,32.08,0.118,32.21,32.64,31.65,0.22,0.687,3.2,0,0.77,324.7,870.6516,0
"2022-04-24 15:30:00",297,12.59,631.4,477.6,205.8,33.43,34.06,32.25,0.461,31.04,32.36,29.91,0.608,0.819,3.95,0,0.946,158.4,870.3959,0
"2022-04-24 15:40:00",298,12.64,588.6,404.5,223.1,33.24,33.99,32.8,0.273,31.16,31.82,30.11,0.392,1.211,3.95,0,0.909,94.7,870.2073,0
"2022-04-24 15:50:00",299,12.6,311.8,118.3,177.9,33.02,33.72,32.53,0.316,31.56,32.33,30.11,0.591,1.061,3.2,0,0.827,54.06,870.0683,0
"2022-04-24 16:00:00",300,12.69,239.4,38.27,170.1,31.71,32.63,31.33,0.279,33.11,34.07,31.58,0.441,1.588,3.2,0,0.905,87.2,869.9888,0
"2022-04-24 16:10:00",301,12.74,213.7,6.304,174.2,31.82,32.05,31.5,0.129,32.89,33.49,32.09,0.354,1.016,3.2,0,0.861,32.56,869.9968,0
"2022-04-24 16:20:00",302,12.73,211.1,9.75,166.8,31.71,31.98,31.54,0.082,32.76,33.49,32.16,0.287,1.72,3.2,0,0.797,178.3,869.786,0
"2022-04-24 16:30:00",303,12.66,201.6,24.75,147.7,31.72,31.92,31.47,0.067,32.57,33.11,31.99,0.249,1.62,3.2,0,0.669,97.2,869.6533,0
"2022-04-24 16:40:00",304,12.58,181.8,18.7,136.3,31.78,31.98,31.54,0.12,32.57,32.98,31.95,0.179,0.727,2.45,0,0.776,34.98,869.6926,0
"2022-04-24 16:50:00",305,12.43,164.6,12.46,124.7,31.94,32.16,31.68,0.089,31.99,32.47,31.61,0.197,0.081,2.45,0,0.305,292.4,869.6476,0
"2022-04-24 17:00:00",306,12.47,151.7,26.77,109.3,31.65,31.92,31.37,0.136,32.45,32.94,31.99,0.171,0.78,2.45,0,0.755,64.97,869.6125,0
"2022-04-24 17:10:00",307,12.19,107.1,0.604,85.8,31.49,31.71,31.24,0.131,32.62,33.39,31.96,0.252,0.178,1.7,0,0.439,338.3,869.4648,0
"2022-04-24 17:20:00",308,12.45,86.5,0.02,71.62,31.6,31.75,31.41,0.058,32.31,32.77,31.85,0.176,0.551,2.45,0,0.68,0.46,869.4066,0
"2022-04-24 17:30:00",309,12.43,72.49,0.018,61.87,31.41,31.58,31.24,0.069,32.73,33.28,32.13,0.254,1.187,3.2,0,0.868,22.33,869.4029,0
"2022-04-24 17:40:00",310,12.28,52.45,0.009,45.42,31.24,31.48,31.07,0.08,33.06,33.32,32.6,0.128,1.937,3.95,0,0.635,47.07,869.433,0
"2022-04-24 17:50:00",311,12.29,37,0.007,31.77,31.05,31.24,30.86,0.075,33.36,33.66,32.88,0.152,1.031,3.2,0,0.706,0.169,869.5584,0
"2022-04-24 18:00:00",312,12.49,29.96,0.01,25.63,31.03,31.17,30.86,0.05,33.59,33.93,33.32,0.126,0.792,2.45,0,0.765,25.74,869.3983,0
"2022-04-24 18:10:00",313,12.22,22.8,0.007,19.45,31,31.2,30.8,0.067,33.65,34.17,33.29,0.187,0.133,1.7,0,0.372,59.07,869.2873,0
"2022-04-24 18:20:00",314,12.23,17.24,0.011,14.7,30.9,31.07,30.73,0.053,33.9,34.27,33.53,0.134,0.855,2.45,0,0.792,18.65,869.4493,0
"2022-04-24 18:30:00",315,12.44,8.52,0.017,7.266,30.91,31.03,30.76,0.046,34.18,35.23,33.73,0.317,1.181,3.2,0,0.843,339.3,869.7842,0
"2022-04-24 18:40:00",316,12.55,4.75,0.665,3.718,30.6,30.93,30.28,0.161,35.66,36.76,34.1,0.525,2.698,5.45,0,1.254,322.7,870.093,0
"2022-04-24 18:50:00",317,12.51,3.877,0.007,2.822,30.21,30.42,30.01,0.081,34.62,35.16,33.86,0.296,3.91,5.45,1.7,0.776,354.1,870.0904,0
"2022-04-24 19:00:00",318,12.53,0.994,0.006,0.275,29.79,30.42,28.95,0.42,32.69,35.4,29.98,2.045,4.926,12.2,0.95,2.67,12.02,870.2228,0
"2022-04-24 19:10:00",319,12.17,0.381,0.001,0,28.4,29.06,27.7,0.328,31.92,35.67,30.15,1.249,5.29,9.95,1.7,1.784,354.4,870.4267,0
"2022-04-24 19:20:00",320,11.97,2.387,0,0,25.89,27.8,24.29,1.288,43.32,48.04,35.23,4.785,5.85,13.7,0.95,2.293,350,870.7125,0
"2022-04-24 19:30:00",321,12.4,0.89,0.001,0,23.7,24.5,23.37,0.251,50.98,52.37,47.7,1.208,5.124,11.45,0.95,2.064,22.28,870.8568,0
"2022-04-24 19:40:00",322,12.42,0,0.018,0,23.77,23.95,23.54,0.07,50.72,51.58,49.95,0.401,4.727,8.45,0.95,1.541,321,870.9929,0
"2022-04-24 19:50:00",323,12.53,0,0.203,0,24.19,24.81,23.75,0.264,48.68,50.74,45.39,1.518,4.257,9.2,0.95,1.565,9.31,871.2298,0
"2022-04-24 20:00:00",324,12.5,0,0.725,0,25.48,26.14,24.71,0.401,41.98,45.69,39.05,1.959,4.457,11.45,0.95,1.729,50.1,871.3259,0
"2022-04-24 20:10:00",325,12.46,0,0.168,0,26.02,26.18,25.87,0.062,41.04,41.64,39.7,0.382,4.246,9.2,1.7,1.543,25.38,871.4565,0
"2022-04-24 20:20:00",326,12.44,0,0.361,0,26.55,27.09,26.04,0.313,38.01,40.89,35.27,1.904,4.484,8.45,0.95,1.568,335.3,871.5538,0
"2022-04-24 20:30:00",327,12.46,0,0.282,0,27.21,27.5,26.92,0.138,34.33,35.78,32.99,0.851,4.409,9.2,0.95,1.601,36.32,871.7293,0
"2022-04-24 20:40:00",328,12.39,0,0.149,0,27.56,27.75,27.33,0.07,32.55,33.43,32.07,0.227,3.9,7.7,0.95,1.233,334.1,871.9536,0
"2022-04-24 20:50:00",329,12.39,0,0.086,0,27.68,28.01,27.47,0.106,32.11,32.81,31.01,0.478,3.24,7.7,0.95,1.071,36.8,872.1873,0
"2022-04-24 21:00:00",330,12.34,0,0.299,0,28.11,28.35,27.84,0.121,30.31,31.28,29.13,0.558,4.416,9.95,1.7,1.711,22.86,872.4172,0
"2022-04-24 21:10:00",331,12.31,0,0.014,0,28.1,28.29,27.98,0.05,30.63,30.91,30.29,0.12,4.114,9.2,0.95,1.466,328.5,872.4416,0
"2022-04-24 21:20:00",332,12.4,0,0.008,0,27.93,28.15,27.71,0.095,31.12,31.52,30.6,0.203,4.05,9.2,0.95,1.507,28.62,872.3758,0
"2022-04-24 21:30:00",333,12.39,0,0.006,0,27.94,28.11,27.74,0.082,30.75,32.75,30.12,0.537,2.164,5.45,0,0.962,116.7,872.5353,0
"2022-04-24 21:40:00",334,12.4,0,0,0,26.82,27.84,26,0.478,37.3,41.23,32.37,2.133,2.531,6.2,0,1.148,118.6,872.9036,0
"2022-04-24 21:50:00",335,12.36,0,0,0,25.43,26.11,24.88,0.326,43.58,45.7,41.16,1.425,1.929,4.7,0,0.871,74.37,872.9808,0
"2022-04-24 22:00:00",336,12.34,0,0,0,24.79,25.02,24.57,0.11,46.59,47.36,45.46,0.599,0.45,2.45,0,0.631,89.6,873.1301,0
"2022-04-24 22:10:00",337,12.31,0,0.002,0,24.58,24.74,24.43,0.06,47.61,47.94,47.16,0.15,0.054,0.95,0,0.22,299.7,873.2658,0
"2022-04-24 22:20:00",338,12.31,0,0.014,0,24.62,24.78,24.4,0.074,47.09,47.81,46.07,0.331,1.193,2.45,0,0.452,53.66,873.4417,0
"2022-04-24 22:30:00",339,12.26,0,0.007,0,24.43,24.68,24.23,0.09,48.15,48.83,47.4,0.299,0.699,2.45,0,0.854,55.43,873.4695,0
"2022-04-24 22:40:00",340,12.3,0,0.011,0,24.24,24.47,24.1,0.064,48.81,49.65,48.08,0.303,1.718,3.95,0,0.806,126.8,873.5421,0
"2022-04-24 22:50:00",341,12.26,0,0.059,0,24.08,24.3,23.89,0.08,49.46,50.33,47.71,0.574,2.789,7.7,0,1.892,85,873.9505,0
"2022-04-24 23:00:00",342,12.33,0,0.013,0,24.13,24.37,23.93,0.091,49.18,50.33,47.88,0.684,1.753,3.95,0,0.777,52.33,874.2645,0
"2022-04-24 23:10:00",343,12.33,0,0.012,0,24.22,24.34,24.1,0.042,49.09,49.48,48.36,0.204,1.218,3.2,0,0.926,153.4,874.1657,0
"2022-04-24 23:20:00",344,12.27,0,0.01,0,24.11,24.27,23.93,0.049,49.44,49.79,49.11,0.14,0.727,2.45,0,0.606,344.7,874.2913,0
"2022-04-24 23:30:00",345,12.2,0,0.014,0,24.12,24.34,23.96,0.078,49.39,49.96,48.56,0.337,0.898,1.7,0,0.572,16.72,874.3657,0
"2022-04-24 23:40:00",346,12.32,0,0.065,0,24.21,24.37,24.03,0.065,48.82,49.38,47.88,0.309,1.472,5.45,0,0.844,0.194,874.5128,0
"2022-04-24 23:50:00",347,12.34,0,0.196,0,24.42,24.54,24.27,0.048,48.28,49.14,47.67,0.361,2.151,4.7,0,0.918,24.36,874.5865,0
"2022-04-25 00:00:00",348,12.36,0,0.01,0,24.25,24.47,24.1,0.058,49.18,49.55,48.76,0.149,2.709,4.7,0.95,0.861,29.08,874.6517,0
"2022-04-25 00:10:00",349,12.34,0,0.002,0,24.01,24.3,23.62,0.166,49.93,51.56,48.76,0.821,1.816,3.95,0,0.575,48.83,874.8399,0
"2022-04-25 00:20:00",350,12.31,0,0.001,0,23.61,23.76,23.45,0.051,51.24,52.17,50.3,0.553,1.267,3.2,0,0.662,125.4,874.8482,0
"2022-04-25 00:30:00",351,12.32,0,0.03,0,23.58,23.72,23.45,0.044,49.48,50.91,48.49,0.665,1.694,3.95,0,0.832,63.2,875.0527,0
"2022-04-25 00:40:00",352,12.32,0,0.007,0,23.55,23.72,23.32,0.068,49.25,50.06,48.8,0.19,1.291,3.2,0,0.686,88.9,875.1097,0
"2022-04-25 00:50:00",353,12.33,0,0.007,0,23.24,23.52,22.94,0.127,50.38,51.59,49.31,0.557,1.884,3.95,0,0.695,129.6,875.0767,0
"2022-04-25 01:00:00",354,12.33,0,0.005,0,22.91,23.08,22.74,0.05,51.67,52.14,51.29,0.177,1.332,3.95,0,1.005,57.92,874.9952,0
"2022-04-25 01:10:00",355,12.32,0,0.026,0,22.87,23.08,22.67,0.087,51.76,52.17,51.08,0.219,1.303,3.2,0,0.719,46.5,874.9789,0
"2022-04-25 01:20:00",356,12.31,0,0.017,0,22.73,23.01,22.5,0.13,52.53,53.06,51.59,0.442,1.575,3.2,0,0.751,354.1,875.1017,0
"2022-04-25 01:30:00",357,12.31,0,0.012,0,22.63,22.74,22.5,0.045,52.97,53.19,52.72,0.08,2.052,3.95,0,0.63,332.9,875.1176,0
"2022-04-25 01:40:00",358,12.31,0,0.016,0,22.7,22.84,22.57,0.048,52.82,53.33,52.51,0.12,1.534,3.95,0,0.789,0.726,875.0032,0
"2022-04-25 01:50:00",359,12.33,0,0.009,0,22.7,22.84,22.5,0.06,52.74,53.16,52.34,0.167,1.202,3.2,0,0.717,340.6,874.9135,0
"2022-04-25 02:00:00",360,12.33,0,0.014,0,22.69,22.87,22.5,0.082,52.62,53.16,52.07,0.287,1.153,2.45,0,0.526,18.29,874.8395,0
"2022-04-25 02:10:00",361,12.33,0,0.02,0,22.81,22.94,22.67,0.042,51.95,52.31,51.52,0.168,1.476,3.2,0,0.7,322.8,874.7662,0
"2022-04-25 02:20:00",362,12.31,0,0.001,0,22.78,22.97,22.57,0.058,52.07,52.72,51.63,0.26,0.142,1.7,0,0.383,198.8,874.6763,0
"2022-04-25 02:30:00",363,12.3,0,0.006,0,22.61,22.77,22.43,0.065,52.87,53.47,52.38,0.235,1.08,2.45,0,0.73,145.9,874.8482,0
"2022-04-25 02:40:00",364,12.3,0,0.001,0,22.07,22.57,21.68,0.226,55.8,57.32,53.26,1.055,2.214,3.95,0.95,0.562,162.6,874.8641,0
"2022-04-25 02:50:00",365,12.3,0,0,0,21.62,21.78,21.48,0.069,57.73,58.24,57.11,0.271,1.015,2.45,0,0.656,128.4,874.7007,0
"2022-04-25 03:00:00",366,12.31,0,0,0,21.44,21.65,21.27,0.073,58.26,58.85,57.66,0.22,0.01,0.95,0,0.095,115,874.7336,0
"2022-04-25 03:10:00",367,12.33,0,0.003,0,21.35,21.51,21.24,0.043,58.81,59.26,58.27,0.196,0.014,0.95,0,0.115,41.3,874.7988,0
"2022-04-25 03:20:00",368,12.31,0,0.005,0,21.44,21.54,21.31,0.044,58.84,59.19,58.54,0.098,0.092,0.95,0,0.281,337.2,874.7416,0
"2022-04-25 03:30:00",369,12.33,0,0.01,0,21.31,21.48,21.17,0.047,59.15,59.46,58.82,0.129,0.166,0.95,0,0.361,331.4,874.7579,0
"2022-04-25 03:40:00",370,12.32,0,0.005,0,20.82,21.48,20.32,0.386,60.56,61.54,58.85,0.885,1.563,2.45,0,0.414,1.5,874.6763,0
"2022-04-25 03:50:00",371,12.31,0,0.009,0,20.38,20.56,20.01,0.119,60.22,61.41,59.26,0.608,1.784,3.2,0.95,0.517,354.5,874.758,0
"2022-04-25 04:00:00",372,12.34,0,0.01,0,20.2,20.56,19.98,0.159,61.8,62.7,61.24,0.258,1.267,2.45,0,0.515,10.79,874.7332,0
"2022-04-25 04:10:00",373,12.33,0,0.159,0,20.45,20.59,20.28,0.045,63.54,64.17,61.82,0.581,2.395,4.7,0.95,0.775,5.879,874.6765,0
"2022-04-25 04:20:00",374,12.33,0,0.017,0,20.41,20.52,20.28,0.045,63.81,64.34,62.87,0.336,1.851,3.95,0,0.733,325.6,874.7416,0
"2022-04-25 04:30:00",375,12.34,0,0.011,0,20.43,20.56,20.28,0.043,62.29,63.18,61.82,0.319,1.832,3.95,0,0.696,328.4,874.7416,0
"2022-04-25 04:40:00",376,12.32,0,0.007,0,20.33,20.52,20.18,0.062,61.8,62.33,60.9,0.307,1.563,3.2,0,0.596,336.6,874.7416,0
"2022-04-25 04:50:00",377,12.32,0,0.001,0,20.5,20.62,20.39,0.049,60.85,61.27,60.32,0.22,0.228,1.7,0,0.408,338.7,874.6843,0
"2022-04-25 05:00:00",378,12.33,0,0.003,0,20.21,20.52,19.74,0.199,61.77,63.25,60.66,0.767,0.626,1.7,0,0.556,354.4,874.7336,0
"2022-04-25 05:10:00",379,12.33,0,0.001,0,19.61,19.91,19.19,0.186,63.22,64.17,62.53,0.47,1.216,2.45,0,0.473,346.5,874.7171,0
"2022-04-25 05:20:00",380,12.31,0,0.005,0,19.26,19.4,19.12,0.047,64.27,64.68,63.9,0.175,1.593,2.45,0,0.432,324.3,874.8155,0
"2022-04-25 05:30:00",381,12.33,0,0.008,0,19.34,19.5,19.16,0.063,63.74,64.34,62.94,0.291,1.546,2.45,0,0.392,302.8,874.9135,0
"2022-04-25 05:40:00",382,12.33,0,0.18,0,19.31,19.46,19.16,0.072,61.52,63.49,59.7,1.138,2.308,3.95,0.95,0.698,351.3,874.9135,0
"2022-04-25 05:50:00",383,12.31,0,0.01,0,19.1,19.5,18.75,0.175,61.41,62.36,60.15,0.593,2.134,3.2,0.95,0.427,335.5,874.9709,0
"2022-04-25 06:00:00",384,12.31,0,0.042,0,18.89,19.26,18.65,0.115,61.76,62.43,59.98,0.741,1.691,3.2,0,0.481,346.1,874.9869,0
"2022-04-25 06:10:00",385,12.32,0.001,0.035,0,19.22,19.4,18.92,0.108,59.91,60.66,59.12,0.369,1.198,2.45,0,0.381,2.274,874.9786,0
"2022-04-25 06:20:00",386,12.31,2.81,0.058,1.91,18.97,19.19,18.65,0.088,58.73,60.15,57.35,0.638,1.533,2.45,0,0.41,345.1,875.0037,0
"2022-04-25 06:30:00",387,12.3,15.3,57.55,9.9,18.65,18.95,18.48,0.075,59.44,60.45,58.34,0.495,1.728,2.45,0.95,0.426,319.7,875.0606,0
"2022-04-25 06:40:00",388,12.3,38.01,192.1,19.84,19.18,19.6,18.61,0.289,56.01,58.82,54.8,1.031,1.609,3.2,0,0.688,342.5,875.1427,0
"2022-04-25 06:50:00",389,12.35,67.82,295.2,29.59,19.4,19.84,19.16,0.097,55.37,55.96,54.46,0.3,1.625,2.45,0.95,0.375,325.6,875.2161,0
"2022-04-25 07:00:00",390,12.44,100.8,371.9,38.09,19.85,20.15,19.4,0.17,54.53,55.38,53.74,0.381,0.267,1.7,0,0.451,280.2,875.3145,0
"2022-04-25 07:10:00",391,12.58,135.5,441.5,44.61,20.25,20.59,20.01,0.128,53.67,54.32,52.14,0.483,0.024,0.95,0,0.148,278.4,875.4453,0
"2022-04-25 07:20:00",392,12.81,172,508.7,49.27,21.25,22.29,20.49,0.547,50.85,52.89,47.95,1.621,0,0,0,0,67.41,875.5513,0
"2022-04-25 07:30:00",393,13.03,210.2,563.5,54.13,22.68,23.08,22.23,0.156,47.3,48.19,46.28,0.459,0,0,0,0,93.4,875.5842,0
"2022-04-25 07:40:00",394,13.15,247.6,602,58.57,23.49,23.76,22.97,0.165,46.39,47.23,45.43,0.365,0.119,0.95,0,0.314,103.1,875.625,0
"2022-04-25 07:50:00",395,13.21,286.4,632.9,62.89,23.46,23.69,23.11,0.125,48.35,50.4,46.17,1.219,0.833,2.45,0,0.686,130.6,875.7068,0
"2022-04-25 08:00:00",396,13.27,328.9,663.6,67.2,22.9,23.25,22.67,0.125,52.36,54.76,49.17,1.585,1.639,3.2,0,0.67,127.2,875.7313,0
"2022-04-25 08:10:00",397,13.25,369.2,691.2,70.95,23.13,23.38,22.84,0.099,51.11,52.72,49.96,0.623,1.504,2.45,0,0.728,155.6,875.738,0
"2022-04-25 08:20:00",398,13.24,411.1,712.6,76.12,23.18,23.48,22.94,0.142,51.22,52.04,50.54,0.291,1.638,3.2,0,0.588,113,875.9008,0
"2022-04-25 08:30:00",399,13.23,452,740.2,79.3,23.83,24.13,23.28,0.191,51.3,52.03,50.6,0.247,0.938,3.2,0,0.833,105.7,875.8504,0
"2022-04-25 08:40:00",400,13.22,491,753.6,84,23.98,24.2,23.72,0.092,52.07,52.61,51.38,0.248,2.032,3.95,0,0.76,155.8,875.8604,0
"2022-04-25 08:50:00",401,13.2,536.6,784,86.2,23.67,24.03,23.41,0.135,53.12,53.87,51.9,0.405,2.633,4.7,0.95,0.689,236.5,875.963,0
"2022-04-25 09:00:00",402,13.19,576.3,805,88.9,23.97,24.37,23.55,0.173,52.8,54.35,51.21,0.7,1.941,4.7,0,1.024,129,876.0081,0
"2022-04-25 09:10:00",403,13.17,612.4,818,91.2,24.45,24.74,23.86,0.202,51.95,54.31,49.82,0.882,2.173,5.45,0,0.88,141.3,876.0124,0
"2022-04-25 09:20:00",404,13.17,649.2,829,94.3,24.73,25.12,24.37,0.175,50.85,52.07,48.69,0.599,2.43,5.45,0,1.357,166.5,876.0921,0
"2022-04-25 09:30:00",405,13.16,683.3,836,97.3,24.33,24.64,24.03,0.127,51.05,52.24,49.44,0.619,2.828,4.7,0,0.799,73.23,876.1262,0
"2022-04-25 09:40:00",406,13.15,716.1,841,101.4,24.46,24.78,24.06,0.135,50.08,52,48.73,0.624,2.623,5.45,0,1.025,188.3,876.0834,0
"2022-04-25 09:50:00",407,13.15,750.9,848,104.6,24.44,24.81,24.09,0.147,51.05,52.07,49.58,0.529,3.651,6.95,0.95,0.811,201.1,876.0057,0
"2022-04-25 10:00:00",408,13.13,781.5,854,106.8,24.85,25.8,23.99,0.464,49.5,52,46.55,1.519,3.168,6.2,0.95,1.088,193.3,875.9266,0
"2022-04-25 10:10:00",409,13.14,812,861,108.6,25.79,26.07,25.52,0.105,46.36,47.4,45.39,0.437,2.744,4.7,0.95,0.888,106.6,875.9473,0
"2022-04-25 10:20:00",410,13.13,843,870,110.4,26.21,26.78,25.69,0.307,44.93,46.34,43.1,0.836,2.485,5.45,0,1.354,154.8,875.9707,0
"2022-04-25 10:30:00",411,13.12,871,875,113.3,26.58,27.22,26.03,0.331,44.14,45.72,42.32,0.785,2.497,6.2,0,1.066,180,875.9828,0
"2022-04-25 10:40:00",412,13.11,898,881,114.3,26.95,27.29,26.61,0.158,43.11,43.99,41.87,0.471,2.539,5.45,0,1.014,175.5,876.0616,0
"2022-04-25 10:50:00",413,13.09,923,883,116,26.76,27.05,26.37,0.173,43.57,44.73,42.11,0.559,2.334,4.7,0,0.995,41.15,875.9428,0
"2022-04-25 11:00:00",414,13.08,944,887,117.3,27.35,27.73,26.54,0.297,42.45,44.7,41.22,0.807,1.99,4.7,0,1.176,102.6,875.9267,0
"2022-04-25 11:10:00",415,13.08,959,884,118.3,27.18,27.49,26.74,0.157,42.7,43.71,41.33,0.5,1.36,3.95,0,1.028,274,875.67,0
"2022-04-25 11:20:00",416,13.07,981,884,122.1,26.85,27.32,26.3,0.263,43.69,45.21,42.38,0.626,2.434,5.45,0,0.991,243.3,875.5184,0
"2022-04-25 11:30:00",417,13.09,991,881,124,27.59,28.28,26.71,0.394,42.55,44.8,40.71,0.923,1.983,6.2,0,1.497,168,875.4752,0
"2022-04-25 11:40:00",418,13.08,1012,885,124.9,27.59,28.07,27.12,0.243,42.09,43.71,40.24,0.763,2.929,5.45,0,1.309,84.6,875.3187,0
"2022-04-25 11:50:00",419,13.07,1025,894,124.1,28.43,28.78,27.9,0.228,39.55,40.88,38.26,0.644,1.072,3.95,0,0.987,205.9,875.1053,0
"2022-04-25 12:00:00",420,13.05,1032,885,125.9,27.78,28.58,27.11,0.353,40.8,42.35,39.38,0.819,2.235,3.95,0,0.796,235,874.9664,0
"2022-04-25 12:10:00",421,13.06,1032,879,127.4,28.21,28.89,27.73,0.286,39.78,40.88,37.88,0.701,1.613,5.45,0,1.087,148.1,874.6649,0
"2022-04-25 12:20:00",422,13.06,1047,886,126,28.62,29.23,28.03,0.315,38.54,40.1,36.79,0.726,2.929,5.45,0.95,0.802,214.2,874.4246,0
"2022-04-25 12:30:00",423,13.05,1054,893,122.4,27.94,28.41,27.63,0.185,39.49,40.58,38.26,0.488,3.626,6.2,0,1.271,282.6,874.2244,0
"2022-04-25 12:40:00",424,13.05,1028,871,122.4,29.12,29.94,28.1,0.485,35.88,38.63,33.66,1.412,1.086,3.2,0,0.896,65.33,874.1937,0
"2022-04-25 12:50:00",425,13.04,1045,889,119.7,29.75,30.32,29.05,0.359,34.48,36.38,32.64,0.807,1.943,5.45,0,1.583,154.5,874.0034,0
"2022-04-25 13:00:00",426,13.03,1049,900,116.4,30.18,31.07,29.5,0.47,33.34,35.12,31.68,0.981,1.284,4.7,0,0.979,95.7,873.8494,0
"2022-04-25 13:10:00",427,13.03,1044,898,115.3,30.61,31.1,30.18,0.223,32.25,33.22,30.9,0.514,1.502,3.95,0,0.966,243.4,873.7248,0
"2022-04-25 13:20:00",428,13.03,1038,892,116.9,30.52,30.93,30.11,0.167,32.58,33.76,31.31,0.456,1.695,3.95,0,1.054,163.1,873.5681,0
"2022-04-25 13:30:00",429,13.02,1026,885,118.6,30.52,31.2,30.11,0.265,30.72,31.89,29.2,0.533,2.486,4.7,0,0.876,181.9,873.4811,0
"2022-04-25 13:40:00",430,13.02,1019,882,120.5,30.83,31.67,30.14,0.4,29.1,30.56,27.63,0.738,2.255,4.7,0,1.058,110.9,873.2366,0
"2022-04-25 13:50:00",431,13.02,1002,873,122.6,31.28,31.84,30.65,0.345,28.18,29.43,27.18,0.405,1.98,5.45,0,1.263,150.8,873.0856,0
"2022-04-25 14:00:00",432,13.02,987,862,126.5,31.34,31.84,30.55,0.329,28.22,29.6,26.98,0.563,1.812,3.95,0,1.177,113,872.9315,0
"2022-04-25 14:10:00",433,13.01,964,849,129.5,31.61,32.12,30.79,0.254,28.06,29.5,26.98,0.536,2.019,5.45,0,1.151,51.71,872.6372,0
"2022-04-25 14:20:00",434,13,949,844,131.4,31.53,31.92,31.13,0.188,27.87,28.92,26.84,0.388,2.142,4.7,0,1.129,122.1,872.4067,0
"2022-04-25 14:30:00",435,13,926,829,135.2,31.52,31.91,31.23,0.162,27.48,28.34,26.71,0.303,2.087,4.7,0,1.175,68.74,872.3039,0
"2022-04-25 14:40:00",436,13,896,810,140,32.14,32.94,31.4,0.476,27.43,28.24,26.54,0.377,1.723,4.7,0,1.257,111.1,872.2377,0
"2022-04-25 14:50:00",437,12.84,774,658.8,147.2,32.03,32.63,31.54,0.286,27.91,28.85,27.05,0.503,2.349,4.7,0,1.012,57.3,871.9982,0
"2022-04-25 15:00:00",438,12.84,720.4,564.9,181.4,31.8,32.22,31.23,0.275,28.38,29.26,27.25,0.447,1.843,6.2,0,0.995,115.5,871.834,0
"2022-04-25 15:10:00",439,12.99,819,748.6,162.2,32.42,32.7,32.05,0.128,27.36,28.44,26.67,0.338,2.679,6.2,0,1.241,139,871.6462,0
"2022-04-25 15:20:00",440,12.99,781.5,742.6,151.4,32.72,33,32.36,0.173,27,27.7,26.23,0.346,2.015,4.7,0,1.005,124.5,871.3925,0
"2022-04-25 15:30:00",441,12.99,736.8,715.1,147.7,32.68,32.93,32.15,0.146,26.5,27.56,25.75,0.404,1.396,3.2,0,1.031,120.4,871.1807,0
"2022-04-25 15:40:00",442,12.99,705.6,704.7,145.9,32.96,33.41,32.22,0.307,26.4,27.59,25.41,0.575,1.475,3.95,0,1.032,1.79,871.0329,0
"2022-04-25 15:50:00",443,12.98,672.8,693.1,143.5,33.31,33.79,32.8,0.236,25.88,26.5,25.07,0.292,1.294,4.7,0,1.148,67.58,870.8381,0
"2022-04-25 16:00:00",444,12.98,642.8,677,144,33.04,33.48,32.63,0.239,26.06,27.05,25,0.476,1.865,4.7,0,1.091,133.9,870.6506,0
"2022-04-25 16:10:00",445,12.98,616,650.2,158.2,33.46,33.65,33.28,0.075,25.22,25.86,24.73,0.242,1.67,5.45,0,1.41,174,870.6131,0
"2022-04-25 16:20:00",446,12.97,578.3,606.6,164.6,33.34,33.55,33.14,0.083,25.34,25.92,24.8,0.206,1.624,5.45,0,1.347,244,870.4994,0
"2022-04-25 16:30:00",447,12.89,515.9,538,160.8,33.63,34.02,33.11,0.197,25.05,25.58,24.49,0.231,0.962,3.2,0,0.978,100,870.38,0
"2022-04-25 16:40:00",448,12.83,437,437.3,153.8,33.14,33.55,32.63,0.167,25.6,26.23,24.9,0.259,1.412,3.95,0,0.958,56.52,870.4462,0
"2022-04-25 16:50:00",449,12.74,326.9,293.9,133.9,32.56,32.93,32.22,0.169,25.86,26.33,25.48,0.188,0.461,2.45,0,0.642,309.2,870.4135,0
"2022-04-25 17:00:00",450,12.7,210,140.1,111,32.81,33.55,32.08,0.447,26,27.05,24.94,0.649,1.425,3.95,0,1.129,49.34,870.3239,0
"2022-04-25 17:10:00",451,12.67,128.4,49.67,83.4,32.04,32.22,31.88,0.063,26.74,27.29,26.37,0.182,0.913,2.45,0,0.655,39.6,870.1805,0
"2022-04-25 17:20:00",452,12.65,108.6,23.13,74.94,32.05,32.19,31.88,0.047,26.91,27.46,26.44,0.254,0.629,2.45,0,0.783,8.3,870.0531,0
"2022-04-25 17:30:00",453,12.64,86.8,22.69,59.91,32.09,32.29,31.88,0.092,26.92,27.32,26.5,0.143,0.356,2.45,0,0.613,69.78,870.0303,0
"2022-04-25 17:40:00",454,12.61,54.86,0.012,43.84,31.95,32.16,31.75,0.075,27.23,27.76,26.57,0.25,0.09,1.7,0,0.3,350.4,869.8349,0
"2022-04-25 17:50:00",455,12.59,35.13,0.009,28.96,31.98,32.16,31.88,0.051,27.06,27.56,26.84,0.153,0,0,0,0,70.02,869.9658,0
"2022-04-25 18:00:00",456,12.62,25.24,0.016,21.52,31.8,32.02,31.65,0.074,27.32,27.77,26.91,0.15,0.123,1.7,0,0.336,45.76,870.0079,0
"2022-04-25 18:10:00",457,12.66,15.27,0.019,12.67,31.72,31.92,31.27,0.133,27.86,30.25,26.81,0.944,1.124,4.7,0,1.189,19.98,870.1142,0
"2022-04-25 18:20:00",458,12.66,9.14,0.01,7.126,31.19,31.37,31.03,0.069,30.58,31.21,29.98,0.285,1.595,3.2,0,0.805,21.17,870.2529,0
"2022-04-25 18:30:00",459,12.53,8.31,0.017,6.517,30.95,31.17,30.76,0.094,31.29,31.55,30.97,0.127,2.402,4.7,0,0.752,26.7,870.2658,0
"2022-04-25 18:40:00",460,12.65,7.384,0.016,5.72,30.86,30.97,30.73,0.043,31.49,31.68,31.21,0.078,1.848,3.95,0,0.777,354.4,870.4343,0
"2022-04-25 18:50:00",461,12.55,8.52,0.021,6.653,30.82,30.97,30.69,0.049,31.63,31.89,31.21,0.106,2.217,3.95,0,0.743,3.822,870.5733,0
"2022-04-25 19:00:00",462,12.53,5.584,0.016,4.153,30.76,30.93,30.63,0.049,31.85,32.13,31.55,0.108,2.367,4.7,0,0.849,354,870.7476,0
"2022-04-25 19:10:00",463,12.63,0.193,0.02,0.061,30.64,30.83,30.45,0.065,31.67,32.23,30.39,0.384,3.154,6.95,0.95,1.159,2.709,870.7939,0
"2022-04-25 19:20:00",464,12.51,0.004,0.005,0,29.91,30.66,29.19,0.448,28.78,31.27,27.83,0.953,7.454,14.45,1.7,3.031,1.863,870.9185,0
"2022-04-25 19:30:00",465,12.48,0.012,0.002,0,28.9,29.33,28.58,0.18,29.01,29.5,28.41,0.288,7.865,15.2,1.7,2.4,351.5,870.963,0
"2022-04-25 19:40:00",466,12.43,0,0.017,0,28.52,28.72,28.38,0.063,29.83,30.29,29.2,0.249,5.183,13.7,0,2.173,91.3,871.7872,0
"2022-04-25 19:50:00",467,12.51,0,0.013,0,28.32,28.62,27.73,0.242,31.72,35.02,29.84,1.664,2.591,6.2,0,1.569,43.3,872.5396,0
"2022-04-25 20:00:00",468,12.6,0.655,0,0,27.45,27.87,26.26,0.304,36.93,47.59,34.21,3.231,2.227,7.7,0,1.256,54.64,872.825,0
"2022-04-25 20:10:00",469,12.44,10.37,0,0,25.59,26.3,24.74,0.402,44.33,50.66,38.77,3.177,4.385,9.2,0.95,1.774,354.4,873.0135,0.6
"2022-04-25 20:20:00",470,12.5,3.088,0.233,0,24.88,25.93,24.2,0.524,45.62,51.79,37.85,3.169,5.141,9.2,0.95,1.656,347,872.8875,0.7
"2022-04-25 20:30:00",471,12.51,0.001,1.666,0,24.93,25.6,24.23,0.375,45.03,51.76,35.51,2.745,4.816,8.45,2.45,1.197,334.2,873.111,0.1
"2022-04-25 20:40:00",472,12.5,0.401,1.137,0,25.83,26.28,25.33,0.257,40.58,43.93,35.64,1.702,3.765,6.95,0.95,1.253,319.6,873.3666,0
"2022-04-25 20:50:00",473,12.55,0.992,0.003,0,24.1,25.5,22.29,1.072,56.44,70.4,42.49,9.36,2.933,6.2,0,1.441,158,873.9739,0.1
"2022-04-25 21:00:00",474,12.52,0.211,0.277,0,22.12,22.46,21.85,0.167,67.85,71.97,61.37,3.443,4.118,11.45,0.95,2.349,150.2,874.2177,0
"2022-04-25 21:10:00",475,12.54,0,0.083,0,21.53,22.5,20.56,0.604,71.43,78.17,62.4,4.867,7.796,13.7,2.45,2.24,159.3,874.2194,0
"2022-04-25 21:20:00",476,12.52,0,0.341,0,20.67,21.34,20.32,0.245,76.54,80.4,70.64,2.845,6.664,15.95,0.95,2.568,180.7,875.0705,0
"2022-04-25 21:30:00",477,12.51,0,0.277,0,21.24,21.54,21,0.152,72.38,75.28,69.18,1.74,5.265,10.7,1.7,1.805,163.2,875.8876,0
"2022-04-25 21:40:00",478,12.54,0,0.041,0,21.03,21.2,20.86,0.061,73.57,75.45,71.77,0.919,3.171,7.7,0,1.622,124.3,876.5338,0
"2022-04-25 21:50:00",479,12.53,0,0.01,0,21,21.17,20.83,0.069,74.15,76.03,71.8,1.037,1.762,3.95,0,0.981,226.5,877.0245,0
"2022-04-25 22:00:00",480,12.52,0,0.009,0,21.01,21.17,20.86,0.057,71.94,74.12,70.95,0.609,0.323,2.45,0,0.569,303.8,877.5802,0
"2022-04-25 22:10:00",481,12.5,0,0.136,0,21.11,21.34,20.93,0.08,73.08,75.65,71.12,1.147,2.501,3.95,0.95,0.804,304.3,877.6863,0
"2022-04-25 22:20:00",482,12.48,0,0.132,0,20.99,21.13,20.83,0.05,74.91,76.09,73.74,0.503,2.184,3.2,0.95,0.559,230.8,877.8496,0
"2022-04-25 22:30:00",483,12.45,0,0.037,0,20.8,21.07,20.62,0.114,75.46,76.64,73.68,0.667,2.186,4.7,0,0.829,218.3,878.0463,0
"2022-04-25 22:40:00",484,12.47,0,0.012,0,20.7,20.83,20.52,0.058,75.5,76.44,74.66,0.416,1.142,3.2,0,0.803,73.96,878.2998,0
"2022-04-25 22:50:00",485,12.44,0,0.009,0,20.65,20.79,20.49,0.06,76.96,78.11,75.31,0.699,0.339,1.7,0,0.528,332,878.4958,0
"2022-04-25 23:00:00",486,12.46,0,0.036,0,20.64,20.79,20.52,0.047,74.8,75.82,73.78,0.508,0.612,2.45,0,0.679,251.4,878.4381,0
"2022-04-25 23:10:00",487,12.39,0,0.027,0,20.5,20.73,20.32,0.075,75.07,75.65,74.19,0.296,1.189,3.2,0,0.67,304.9,878.3731,0
"2022-04-25 23:20:00",488,12.31,0,0.224,0,20.53,20.69,20.39,0.049,74.9,76.2,72.24,0.886,2.574,4.7,0.95,0.822,292,878.3564,0
"2022-04-25 23:30:00",489,12.46,0,0.096,0,20.54,20.69,20.39,0.053,72.84,73.85,72.18,0.345,3.024,4.7,1.7,0.69,263.7,878.2092,0
"2022-04-25 23:40:00",490,12.41,0,0.017,0,20.4,20.59,20.25,0.065,73.38,74.25,72.52,0.401,2.661,3.95,0.95,0.681,272,878.1685,0
"2022-04-25 23:50:00",491,12.43,0,0.01,0,20.23,20.42,19.91,0.121,73.95,74.56,72.72,0.434,2.428,4.7,0,0.76,288.8,878.0949,0
"2022-04-26 00:00:00",492,12.42,0,0.012,0,19.91,20.04,19.77,0.046,73.1,74.12,72.28,0.405,2.42,4.7,0,0.826,240.4,878.1524,0
"2022-04-26 00:10:00",493,12.4,0,0.018,0,19.86,19.98,19.7,0.043,73.51,74.15,72.82,0.264,2.624,5.45,0,0.926,186.2,878.373,0
"2022-04-26 00:20:00",494,12.44,0,0.008,0,19.65,19.87,19.5,0.073,74,74.7,72.86,0.448,2.131,5.45,0,1.183,144.9,878.4631,0
"2022-04-26 00:30:00",495,12.41,0,0.012,0,19.57,19.77,19.43,0.068,75.13,75.75,74.22,0.367,1.766,3.95,0,0.773,228,878.3728,0
"2022-04-26 00:40:00",496,12.37,0,0.017,0,19.39,19.53,19.26,0.054,75.74,76.5,74.56,0.436,2.639,4.7,0,0.786,191.9,878.2255,0
"2022-04-26 00:50:00",497,12.38,0,0.014,0,19.38,19.53,19.26,0.058,76.55,77.36,75.89,0.32,1.888,4.7,0,0.813,158.2,878.1767,0
"2022-04-26 01:00:00",498,12.38,0,0.015,0,19.31,19.43,19.19,0.047,77.37,78.17,76.37,0.452,1.079,3.2,0,0.749,178.2,878.0702,0
"2022-04-26 01:10:00",499,12.38,0,0.011,0,19.29,19.5,19.12,0.064,78.17,79.13,77.49,0.436,0.473,1.7,0,0.53,50.04,877.9719,0
"2022-04-26 01:20:00",500,12.37,0,0.041,0,19.38,19.64,19.16,0.126,77.53,78.62,76.71,0.547,0.047,0.95,0,0.207,348.9,877.7921,0
"2022-04-26 01:30:00",501,12.43,0,0.18,0,19.41,19.67,19.23,0.095,76.29,77.05,75.38,0.425,1.866,3.95,0,0.795,320.7,877.5382,0
"2022-04-26 01:40:00",502,12.49,0,0.012,0,19.12,19.36,18.95,0.084,77.65,78.41,76.37,0.467,0.973,2.45,0,0.653,12.15,877.2357,0
"2022-04-26 01:50:00",503,12.39,0,0.021,0,19.2,19.4,18.99,0.084,77.37,78.55,76.06,0.702,1.19,2.45,0,0.434,328.1,877.1872,0
"2022-04-26 02:00:00",504,12.39,0,0.197,0,19.35,19.6,19.12,0.092,76.46,77.19,75.41,0.417,1.387,3.2,0,0.519,326.4,877.0641,0
"2022-04-26 02:10:00",505,12.39,0,0.189,0,19.62,19.81,19.43,0.063,74.9,75.82,74.02,0.401,1.144,2.45,0,0.633,350.1,876.8759,0
"2022-04-26 02:20:00",506,12.38,0,0.052,0,19.82,20.01,19.6,0.073,74.05,75.07,73.1,0.489,0.118,1.7,0,0.336,4.21,876.7207,0
"2022-04-26 02:30:00",507,12.39,0,0.028,0,19.76,19.91,19.6,0.049,74.36,75.11,73.85,0.283,0.01,0.95,0,0.095,16.21,876.5898,0
"2022-04-26 02:40:00",508,12.38,0,0.072,0,19.87,20.01,19.67,0.052,74.22,74.87,73.57,0.216,0.102,1.7,0,0.302,70.89,876.4998,0
"2022-04-26 02:50:00",509,12.38,0,0.01,0,19.84,19.98,19.64,0.055,74.42,74.83,73.95,0.187,0.18,1.7,0,0.375,41.13,876.3937,0
"2022-04-26 03:00:00",510,12.38,0,0.007,0,19.83,20.01,19.53,0.104,74.58,76.54,73.44,0.856,0.568,1.7,0,0.559,346.4,876.2872,0
"2022-04-26 03:10:00",511,12.38,0,0.01,0,19.49,19.67,19.29,0.06,77.05,77.87,76.03,0.52,1.325,2.45,0,0.444,315.5,876.2056,0
"2022-04-26 03:20:00",512,12.38,0,0.078,0,19.34,19.57,19.16,0.074,77.15,77.97,75.86,0.545,0.411,2.45,0,0.624,42.95,876.0908,0
"2022-04-26 03:30:00",513,12.38,0,0.222,0,19.61,19.74,19.4,0.064,75.42,76.13,74.97,0.262,0.59,2.45,0,0.597,48.49,876.0833,0
"2022-04-26 03:40:00",514,12.39,0,0.161,0,19.62,19.77,19.46,0.049,75.65,77.12,75.04,0.557,0.471,1.7,0,0.55,192.8,876.2056,0
"2022-04-26 03:50:00",515,12.4,0,0.009,0,19.41,19.6,19.19,0.09,78.02,78.62,77.01,0.439,0.378,1.7,0,0.467,158.4,876.2139,0
"2022-04-26 04:00:00",516,12.44,0,0.013,0,19.3,19.43,19.19,0.038,78.66,79.13,78.34,0.136,0,0,0,0,220.2,876.2136,0
"2022-04-26 04:10:00",517,12.44,0,0.116,0,19.41,19.57,19.26,0.063,78.38,78.92,77.9,0.283,1.073,2.45,0,0.568,251.9,876.2057,0
"2022-04-26 04:20:00",518,12.34,0,0.197,0,19.44,19.6,19.33,0.046,78.39,78.68,77.87,0.156,1.38,2.45,0,0.461,243.1,876.2958,0
"2022-04-26 04:30:00",519,12.34,0,0.001,0,19.32,19.5,19.12,0.077,79.05,79.64,78.48,0.276,0.116,0.95,0,0.311,278.9,876.3528,0
"2022-04-26 04:40:00",520,12.42,0,0.024,0,19.1,19.26,18.85,0.093,79.82,80.4,79.43,0.253,0.575,2.45,0,0.704,107,876.4923,0
"2022-04-26 04:50:00",521,12.32,0,0.009,0,18.86,19.06,18.72,0.054,80.5,81.1,80,0.232,0.568,1.7,0,0.65,13.98,876.7377,0
"2022-04-26 05:00:00",522,12.31,0,0.05,0,18.63,18.89,18.31,0.117,81.8,82.7,80.5,0.605,1.397,1.7,0,0.389,345.3,876.7453,0
"2022-04-26 05:10:00",523,12.42,0,0.111,0,18.51,18.75,18.31,0.097,81.3,82.5,79.91,0.611,1.231,1.7,0.95,0.363,340,876.8438,0
"2022-04-26 05:20:00",524,12.41,0,0.11,0,18.44,18.75,18.2,0.13,79.73,81.1,76.71,0.955,1.601,2.45,0.95,0.353,317.4,876.9092,0
"2022-04-26 05:30:00",525,12.4,0,0.22,0,18.78,19.02,18.54,0.123,74.51,76.74,73.47,0.588,1.519,2.45,0.95,0.324,309.8,877.0314,0
"2022-04-26 05:40:00",526,12.4,0,0.104,0,18.8,18.99,18.58,0.086,74.3,75.24,73.44,0.377,1.261,1.7,0,0.401,320.2,877.0814,0
"2022-04-26 05:50:00",527,12.39,0,0.001,0,18.36,18.65,18.14,0.077,75.86,76.37,74.97,0.355,1.289,2.45,0,0.448,353.3,877.2361,0
"2022-04-26 06:00:00",528,12.38,0,0.003,0,18.15,18.44,17.86,0.142,75.84,76.78,74.73,0.561,1.328,2.45,0,0.448,304.5,877.4494,0
"2022-04-26 06:10:00",529,12.3,0.291,0.009,0.102,18.08,18.31,17.9,0.081,75.87,76.81,74.6,0.6,1.192,3.2,0,0.552,32.57,877.5635,0
"2022-04-26 06:20:00",530,12.3,6.064,0.138,4.722,18.34,18.61,18.07,0.119,73.88,74.9,72.58,0.559,0.677,1.7,0,0.564,31.41,877.6862,0
"2022-04-26 06:30:00",531,12.38,20.08,47.45,14.45,18.63,18.89,18.44,0.102,73,73.88,72.48,0.366,0.252,0.95,0,0.419,174.8,877.817,0
"2022-04-26 06:40:00",532,12.29,38.61,161.2,21.98,18.53,18.85,18.34,0.094,74.54,75.28,72.93,0.645,0.047,0.95,0,0.207,228.3,877.8744,0
"2022-04-26 06:50:00",533,12.28,63.98,252.9,30.13,18.88,19.43,18.44,0.259,73.48,74.63,72.45,0.696,0,0,0,0,71.62,878.1609,0
"2022-04-26 07:00:00",534,12.36,93.4,322.8,37.97,19.56,20.04,19.29,0.155,71.17,72.69,70.23,0.55,0,0,0,0,70.38,878.3486,0
"2022-04-26 07:10:00",535,12.5,127.9,387.2,46.33,20.36,20.62,19.94,0.13,68.93,70.4,67.47,0.714,0.11,1.7,0,0.317,162.5,878.4792,0
"2022-04-26 07:20:00",536,12.69,164.7,441.3,54.83,20.38,20.73,20.18,0.103,70.05,70.88,69.21,0.43,0.435,1.7,0,0.516,111.2,878.504,0
"2022-04-26 07:30:00",537,12.93,199.1,475.7,62.02,20.68,20.9,20.39,0.12,70.9,72.31,67.23,1.054,0.341,1.7,0,0.513,26.95,878.5122,0
"2022-04-26 07:40:00",538,13.12,235.2,513.7,68.91,21.11,21.71,20.52,0.319,69.49,72.01,66.96,1.585,0.064,1.7,0,0.247,141.8,878.4465,0
"2022-04-26 07:50:00",539,13.23,275.7,553.2,76.72,22.05,22.4,21.61,0.22,65.79,67.13,64.24,0.778,0,0,0,0,145.8,878.6678,0
"2022-04-26 08:00:00",540,13.31,315.2,578.2,84.1,21.9,22.53,21.03,0.514,65.7,68.46,63.62,1.371,0.852,2.45,0,0.802,266.2,878.6756,0
"2022-04-26 08:10:00",541,13.3,354.6,598.1,91.5,21.43,21.92,21.13,0.151,67.07,68.15,65.94,0.489,0.621,2.45,0,0.731,150.8,878.7904,0
"2022-04-26 08:20:00",542,13.29,392.9,615.3,97.6,22.13,22.36,21.85,0.102,66.33,67.71,64.99,0.734,1.408,3.2,0,0.677,145.7,878.8961,0
"2022-04-26 08:30:00",543,13.27,429.7,629,102,22.22,22.46,21.99,0.118,64.56,66.08,63.62,0.529,1.96,3.95,0,0.717,204.7,878.9432,0
"2022-04-26 08:40:00",544,13.26,481.3,667,107.8,21.8,22.16,21.54,0.098,65.76,67.06,64.03,0.563,2.956,5.45,0.95,0.81,157,878.9581,0
"2022-04-26 08:50:00",545,13.25,518.8,680.3,114.3,22.07,22.5,21.68,0.238,66.43,67.2,64.98,0.448,2.29,4.7,0,0.86,175.9,879.0645,0
"2022-04-26 09:00:00",546,13.24,554.6,683.5,121.9,22.19,22.53,21.81,0.176,66.95,68.46,65.19,0.96,2.644,5.45,0,1,214.4,879.2155,0
"2022-04-26 09:10:00",547,13.24,592.8,698.7,127.9,22.21,22.46,21.95,0.095,65.9,68.05,64.06,0.936,2.995,4.7,0,0.832,162.6,879.4373,0
"2022-04-26 09:20:00",548,13.23,633.5,733.5,125.8,22.65,23.24,22.26,0.292,64.54,66.04,62.25,0.956,2.353,4.7,0,0.874,170.3,879.417,0
"2022-04-26 09:30:00",549,13.22,669.9,754.3,126.1,23.17,23.55,22.63,0.193,62.82,64.71,60.99,0.769,1.907,3.95,0,0.932,243.4,879.3356,0
"2022-04-26 09:40:00",550,13.21,706.5,769.3,129,23.17,23.62,22.59,0.267,61.94,64.74,59.05,1.696,2.302,4.7,0,1.028,140.5,879.3772,0
"2022-04-26 09:50:00",551,13.21,738.8,774.9,133.9,23.32,23.62,22.83,0.154,61.92,64.81,60.28,0.908,2.64,4.7,0.95,0.867,158.4,879.4532,0
"2022-04-26 10:00:00",552,13.2,766.6,774.3,140.9,24.03,24.37,23.55,0.212,58.89,61.68,53.6,1.862,2.398,5.45,0,0.784,168,879.4133,0
"2022-04-26 10:10:00",553,13.18,798.5,779.4,146.8,24.31,24.64,23.93,0.163,53.25,54.93,51.25,1.037,2.722,5.45,0,0.828,165.3,879.2952,0
"2022-04-26 10:20:00",554,13.17,828,775.4,157.6,24.36,24.91,23.99,0.23,53.17,54.86,50.98,1.045,2.884,5.45,0,1.264,164.9,879.1984,0
"2022-04-26 10:30:00",555,13.17,845,753.4,172.8,25.12,25.56,24.4,0.305,50.29,52.44,48.76,0.865,2.412,5.45,0,1.027,122.1,879.1284,0
"2022-04-26 10:40:00",556,13.16,877,757.1,183.9,25.2,25.73,24.81,0.227,50.72,52.61,48.52,1.235,1.489,3.2,0,0.762,159.2,879.0223,0
"2022-04-26 10:50:00",557,13.15,886,734,195.1,25.55,26.44,25.01,0.401,50.98,52.78,48.48,1.086,2.253,6.2,0,1.244,153.6,878.8469,0
"2022-04-26 11:00:00",558,13.14,910,727.4,208.1,25.91,26.47,25.55,0.207,49.18,50.56,47.73,0.639,1.488,5.45,0,1.329,109.5,878.8225,0
"2022-04-26 11:10:00",559,13.13,933,710.2,227.5,26.62,27.05,26.06,0.245,47.45,49.47,45.52,1.154,2.283,4.7,0,0.973,32.51,878.6888,0
"2022-04-26 11:20:00",560,13.13,863,563.1,265.3,26.76,27.08,26.13,0.225,47.06,48.48,45.25,0.774,1.917,4.7,0,1.066,133.6,878.5087,0
"2022-04-26 11:30:00",561,13.12,952,678.7,247.8,26.88,27.49,26.4,0.266,45.6,46.98,43.61,0.819,1.388,4.7,0,1.188,221.8,878.3442,0
"2022-04-26 11:40:00",562,13.11,959,666.4,256.1,27.02,27.7,26.54,0.365,45.46,47.9,42.32,1.603,1.331,3.95,0,1.061,208.1,878.0858,0
"2022-04-26 11:50:00",563,13.09,974,653,270.9,26.91,27.42,26.34,0.287,44.21,45.35,42.66,0.678,2.149,4.7,0,1.101,168.4,877.9826,0
"2022-04-26 12:00:00",564,13.08,969,630.2,467.3,27.59,28.24,26.95,0.339,42.7,44.12,40.68,0.828,1.855,4.7,0,1.287,105.1,878.0952,0
"2022-04-26 12:10:00",565,13.08,1007,641.4,293.8,27.43,27.87,27.15,0.167,43.3,44.94,41.8,0.868,1.5,3.95,0,0.957,212.4,877.8073,0
"2022-04-26 12:20:00",566,13.08,1022,662.7,287,27.98,28.45,27.59,0.216,41.25,43.68,37.54,1.515,2.296,6.2,0,1.411,172.9,877.5178,0
"2022-04-26 12:30:00",567,13.06,1005,656.7,279.2,28.36,28.75,28,0.19,38.53,41.09,35.26,1.445,1.333,4.7,0,1.309,112.5,877.3439,0
"2022-04-26 12:40:00",568,13.05,1028,652.3,295.9,28.5,29.05,28.17,0.204,38.46,41.56,35.94,1.183,2.436,5.45,0,1.239,195.9,877.477,0
"2022-04-26 12:50:00",569,13.04,1030,607.3,336.9,29.06,29.57,28.64,0.196,36.54,38.36,34.17,0.928,1.76,4.7,0,1.214,183.7,877.3778,0
"2022-04-26 13:00:00",570,13.04,891,436.7,355.5,28.3,29.22,27.76,0.433,37.81,39.52,36.04,0.964,1.524,3.95,0,1.024,134,877.0759,0
"2022-04-26 13:10:00",571,13.04,1046,581.4,380.4,29.08,29.63,28.64,0.287,38,40.13,34.17,1.274,2.751,6.2,0,1.242,163.9,877.2018,0
"2022-04-26 13:20:00",572,13.04,986,504.9,398.3,29.59,29.94,29.29,0.163,38.4,39.96,36.89,0.678,2.867,6.2,0,1.179,100.4,876.887,0
"2022-04-26 13:30:00",573,13.03,635.3,189.6,349.1,29.3,29.9,28.64,0.28,37.91,39.18,36.52,0.569,2.505,6.2,0,1.562,224.1,876.5497,0
"2022-04-26 13:40:00",574,13.05,399.3,29.9,293.3,28.48,28.88,28.1,0.196,39.24,40.3,36.86,0.802,1.59,4.7,0,0.832,165.8,876.2232,0
"2022-04-26 13:50:00",575,12.91,268.8,0.418,227.7,28.75,29.16,28.51,0.138,38.14,40.27,37.24,0.691,1.034,3.2,0,0.969,28.35,876.32,0
"2022-04-26 14:00:00",576,12.77,194,0.028,154.3,26.09,28.61,22.99,1.984,54.51,72.09,38.63,12.07,4.727,12.2,0,2.256,50.02,876.5784,0
"2022-04-26 14:10:00",577,12.72,146.9,0.007,112.2,22.11,23.06,21.49,0.455,74.58,77.2,67.18,2.243,5.881,12.2,0.95,2.195,46.3,876.7686,0
"2022-04-26 14:20:00",578,12.62,66.48,0.281,58.61,22.32,22.79,21.73,0.338,71.88,76.08,69.5,1.732,3.937,8.45,0.95,1.47,29.97,876.9902,0
"2022-04-26 14:30:00",579,12.57,54.21,0,40.51,21.05,22.45,19.63,1.03,75.08,83.1,68.45,3.622,6.42,12.95,1.7,2.161,307.5,877.3364,3.1
"2022-04-26 14:40:00",580,12.6,60.24,0.231,52.02,19.83,20.42,19.39,0.23,73.23,76.88,63.75,2.113,4.121,6.2,0,1.21,159.1,877.4026,1.5
"2022-04-26 14:50:00",581,12.61,84.5,0.573,78.48,20.44,21.3,19.7,0.456,76.04,84.9,64.47,5.92,2.568,4.7,0.95,0.739,0.194,877.4021,0.5
"2022-04-26 15:00:00",582,12.64,123,0.785,113.7,19.8,20.01,19.64,0.062,85.7,87.8,83.9,0.715,1.989,5.45,0,0.973,326.2,877.0958,0.2
"2022-04-26 15:10:00",583,12.69,139.1,0.872,126.1,20.07,20.49,19.81,0.175,85.9,87.5,83.8,0.976,2.008,3.95,0,0.7,344.1,876.7778,0
"2022-04-26 15:20:00",584,12.71,163.2,1.111,145.7,20.88,21.37,20.39,0.272,81.1,86.1,74.6,3.328,1.642,3.95,0,0.88,340.7,876.6633,0
"2022-04-26 15:30:00",585,12.75,190,1.236,164.9,21.56,22.02,21.24,0.187,74.46,79.64,67,2.991,2.4,5.45,0,0.983,55,876.5001,0
"2022-04-26 15:40:00",586,12.66,147.8,0.491,127,21.83,22.09,21.58,0.11,76.42,78.92,69.65,2.313,1.777,3.2,0,0.594,42,876.3687,0
"2022-04-26 15:50:00",587,12.58,94.9,0.378,84.7,21.95,22.12,21.78,0.063,76.05,78.28,73.81,1.027,2.004,4.7,0,0.986,35.45,876.1645,0
"2022-04-26 16:00:00",588,12.55,81.2,0.381,73.45,22.08,22.33,21.88,0.081,74.45,77.39,70.44,2.095,2.554,4.7,0.95,0.874,14.08,876.0666,0
"2022-04-26 16:10:00",589,12.55,77.43,0.389,69.48,22.3,22.46,22.12,0.06,70.83,73.3,67.37,1.465,2.633,4.7,0.95,0.766,12.07,876.0748,0
"2022-04-26 16:20:00",590,12.54,78.14,0.384,69.57,22.54,22.7,22.36,0.071,66.42,69.65,64.37,0.986,2.305,4.7,0,0.811,6.242,875.8946,0
"2022-04-26 16:30:00",591,12.55,88.1,0.384,77.34,22.67,22.84,22.5,0.072,66.32,67.58,64.51,0.718,1.853,4.7,0,0.828,12.1,875.8373,0
"2022-04-26 16:40:00",592,12.56,95.2,0.389,84.8,22.97,23.21,22.74,0.105,64.78,67.51,61.2,1.648,1.567,4.7,0,0.97,347.1,875.6902,0
"2022-04-26 16:50:00",593,12.56,103,0.378,92.8,23.08,23.25,22.97,0.042,65.89,69.28,63.83,1.089,1.924,3.95,0,0.827,354.4,875.715,0
"2022-04-26 17:00:00",594,12.57,116.2,0.338,104.3,23.01,23.21,22.84,0.073,65.72,68.09,63.83,0.816,2.496,3.95,0.95,0.534,328.9,875.7314,0
"2022-04-26 17:10:00",595,12.56,119.1,0.367,106.3,23.19,23.42,22.97,0.11,64.1,66.01,61.61,1.074,2.628,3.95,0.95,0.539,330.6,875.8704,0
"2022-04-26 17:20:00",596,12.56,111.2,0.352,97.1,23.42,23.62,23.25,0.067,62.79,64.17,60.56,0.689,2.216,3.2,0.95,0.689,328.8,875.8703,0
"2022-04-26 17:30:00",597,12.55,104,0.378,91.2,23.81,24.17,23.52,0.157,61.66,63.55,59.6,1.07,0.484,1.7,0,0.55,341.3,875.8621,0
"2022-04-26 17:40:00",598,12.53,95.8,0.358,84.6,24.19,24.37,24.03,0.063,61.45,62.6,59.7,0.554,1.295,4.7,0,1.198,212.4,875.8691,0
"2022-04-26 17:50:00",599,12.52,84.6,0.052,74.57,23.86,24.27,23.66,0.137,58.91,62.7,56.5,1.33,3.272,7.7,0.95,1.477,229.7,875.8762,0
"2022-04-26 18:00:00",600,12.49,71.27,0.09,62.15,23.81,23.93,23.69,0.046,58.59,60.11,56.77,0.757,2.335,3.95,0.95,0.592,175,875.9602,0
"2022-04-26 18:10:00",601,12.47,56.14,0.043,49.16,23.58,23.93,23.35,0.153,59.87,61.65,57.32,0.903,2.694,4.7,0,0.927,149.7,876.1487,0
"2022-04-26 18:20:00",602,12.49,40.49,0.14,35.33,23.3,23.55,23.11,0.096,62.13,63.45,59.26,0.868,1.545,3.2,0,0.802,141.6,876.2139,0
"2022-04-26 18:30:00",603,12.5,30.23,0.744,24.71,22.95,23.35,22.63,0.227,66.03,68.39,61.1,2.14,0.899,2.45,0,0.678,64.21,876.1651,0
"2022-04-29 17:30:00",0,12.73,185.9,166.3,105,33.15,33.62,32.73,0.212,25.92,26.61,25.28,0.303,3.977,6.95,0,1.086,267.5,788.8902,0
